time,open,high,low,close,volume
2022-02-18 18:35:00,1.8,1.8,1.8,1.8,400
2022-02-18 17:37:00,1.8,1.8,1.8,1.8,478
2022-02-18 16:25:00,1.89,1.89,1.89,1.89,400
2022-02-18 16:00:00,1.87,1.9062,1.87,1.9,876
2022-02-18 15:54:00,1.8948,1.8948,1.8948,1.8948,2241
2022-02-18 15:53:00,1.94,1.94,1.92,1.92,6225
2022-02-18 15:52:00,1.96,1.96,1.945,1.945,4898
2022-02-18 15:51:00,1.95,1.95,1.95,1.95,2600
2022-02-18 15:50:00,1.95,1.95,1.95,1.95,125
2022-02-18 15:49:00,1.91,1.95,1.91,1.95,6523
2022-02-18 15:46:00,1.89,1.89,1.89,1.89,100
2022-02-18 15:45:00,1.87,1.89,1.87,1.89,5365
2022-02-18 15:43:00,1.84,1.85,1.84,1.85,11270
2022-02-18 15:42:00,1.835,1.835,1.8219,1.8219,667
2022-02-18 15:41:00,1.85,1.85,1.835,1.835,530
2022-02-18 15:32:00,1.85,1.85,1.84,1.85,1756
2022-02-18 15:31:00,1.8499,1.8499,1.8499,1.8499,100
2022-02-18 15:27:00,1.835,1.835,1.835,1.835,515
2022-02-18 15:13:00,1.835,1.835,1.835,1.835,326
2022-02-18 15:11:00,1.8252,1.8252,1.8252,1.8252,240
2022-02-18 15:02:00,1.85,1.85,1.85,1.85,251
2022-02-18 15:01:00,1.88,1.88,1.88,1.88,417
2022-02-18 14:45:00,1.9073,1.9073,1.9,1.9073,300
2022-02-18 14:42:00,1.9073,1.91,1.9,1.91,400
2022-02-18 14:40:00,1.9073,1.91,1.9,1.9099,867
2022-02-18 14:39:00,1.895,1.91,1.895,1.91,550
2022-02-18 14:38:00,1.9024,1.91,1.9024,1.91,604
2022-02-18 14:37:00,1.9073,1.91,1.9073,1.91,401
2022-02-18 14:36:00,1.91,1.91,1.9,1.9,900
2022-02-18 14:35:00,1.91,1.91,1.9,1.9001,1380
2022-02-18 14:34:00,1.9073,1.91,1.9068,1.91,1376
2022-02-18 14:32:00,1.9,1.9,1.9,1.9,100
2022-02-18 14:30:00,1.89,1.91,1.885,1.91,21526
2022-02-18 14:29:00,1.87,1.87,1.87,1.87,2189
2022-02-18 14:24:00,1.8673,1.8673,1.8673,1.8673,100
2022-02-18 14:21:00,1.84,1.84,1.84,1.84,100
2022-02-18 14:19:00,1.84,1.85,1.84,1.85,403
2022-02-18 14:11:00,1.8399,1.8399,1.8399,1.8399,127
2022-02-18 14:07:00,1.83,1.8327,1.83,1.83,400
2022-02-18 13:49:00,1.85,1.85,1.85,1.85,100
2022-02-18 13:45:00,1.82,1.82,1.82,1.82,100
2022-02-18 13:44:00,1.8591,1.8591,1.8591,1.8591,221
2022-02-18 13:43:00,1.8471,1.8471,1.8471,1.8471,510
2022-02-18 13:42:00,1.81,1.82,1.81,1.82,1383
2022-02-18 13:27:00,1.81,1.81,1.81,1.81,525
2022-02-18 13:17:00,1.81,1.81,1.81,1.81,300
2022-02-18 13:14:00,1.81,1.81,1.81,1.81,154
2022-02-18 13:04:00,1.81,1.81,1.81,1.81,200
2022-02-18 13:01:00,1.82,1.82,1.81,1.81,2829
2022-02-18 12:55:00,1.8268,1.8268,1.8268,1.8268,100
2022-02-18 12:42:00,1.81,1.81,1.81,1.81,434
2022-02-18 12:41:00,1.82,1.82,1.8124,1.8124,619
2022-02-18 12:37:00,1.82,1.82,1.82,1.82,526
2022-02-18 12:33:00,1.82,1.82,1.82,1.82,535
2022-02-18 11:39:00,1.83,1.83,1.83,1.83,1000
2022-02-18 11:36:00,1.82,1.82,1.82,1.82,340
2022-02-18 11:33:00,1.81,1.81,1.81,1.81,966
2022-02-18 11:30:00,1.83,1.83,1.83,1.83,400
2022-02-18 11:28:00,1.8284,1.8284,1.8284,1.8284,1000
2022-02-18 11:18:00,1.81,1.81,1.81,1.81,190
2022-02-18 11:11:00,1.81,1.83,1.81,1.83,1786
2022-02-18 11:09:00,1.83,1.83,1.8,1.8,7085
2022-02-18 11:08:00,1.85,1.854,1.85,1.854,200
2022-02-18 11:04:00,1.84,1.84,1.84,1.84,717
2022-02-18 11:01:00,1.8401,1.8401,1.8401,1.8401,2000
2022-02-18 11:00:00,1.86,1.86,1.86,1.86,202
2022-02-18 10:57:00,1.86,1.86,1.8401,1.8401,2913
2022-02-18 10:43:00,1.8721,1.8721,1.8721,1.8721,1060
2022-02-18 10:29:00,1.86,1.86,1.86,1.86,400
2022-02-18 10:27:00,1.8601,1.8601,1.8601,1.8601,500
2022-02-18 10:18:00,1.8801,1.8801,1.8801,1.8801,233
2022-02-18 10:16:00,1.8801,1.8801,1.8801,1.8801,196
2022-02-18 10:12:00,1.88,1.88,1.88,1.88,1275
2022-02-18 10:08:00,1.86,1.88,1.86,1.88,3000
2022-02-18 10:07:00,1.87,1.87,1.87,1.87,608
2022-02-18 10:05:00,1.86,1.87,1.86,1.87,1875
2022-02-18 10:02:00,1.88,1.88,1.87,1.87,800
2022-02-18 10:01:00,1.8806,1.8999,1.8806,1.8999,470
2022-02-18 10:00:00,1.9,1.9,1.9,1.9,374
2022-02-18 09:59:00,1.9,1.9,1.9,1.9,100
2022-02-18 09:56:00,1.89,1.9,1.86,1.89,1302
2022-02-18 09:55:00,1.9,1.9,1.9,1.9,583
2022-02-18 09:53:00,1.88,1.88,1.87,1.88,900
2022-02-18 09:52:00,1.85,1.85,1.85,1.85,937
2022-02-18 09:51:00,1.82,1.8473,1.82,1.8473,1195
2022-02-18 09:49:00,1.815,1.815,1.815,1.815,1000
2022-02-18 09:48:00,1.8109,1.8109,1.8109,1.8109,230
2022-02-18 09:47:00,1.815,1.815,1.81,1.81,1943
2022-02-18 09:46:00,1.83,1.8302,1.8,1.82,10154
2022-02-18 09:45:00,1.84,1.85,1.83,1.83,10000
2022-02-18 09:44:00,1.86,1.8601,1.85,1.8601,3949
2022-02-18 09:42:00,1.85,1.86,1.85,1.86,1100
2022-02-18 09:41:00,1.85,1.85,1.85,1.85,5005
2022-02-18 09:31:00,1.84,1.85,1.84,1.85,8569
2022-02-18 09:04:00,1.84,1.84,1.84,1.84,250
2022-02-18 08:17:00,1.95,1.95,1.95,1.95,200
2022-02-18 07:40:00,1.81,1.81,1.81,1.81,123
2022-02-18 07:35:00,1.81,1.81,1.81,1.81,1700
2022-02-18 04:36:00,1.71,1.71,1.71,1.71,596
2022-02-18 04:23:00,1.88,1.88,1.88,1.88,580
2022-02-18 04:13:00,1.88,1.88,1.88,1.88,386
2022-02-18 04:03:00,1.61,1.61,1.58,1.58,600
2022-02-17 16:58:00,1.91,1.91,1.91,1.91,100
2022-02-17 16:00:00,1.9383,1.95,1.91,1.91,9293
2022-02-17 15:59:00,1.9301,1.9301,1.9301,1.9301,133
2022-02-17 15:58:00,1.93,1.93,1.92,1.93,3364
2022-02-17 15:57:00,1.925,1.93,1.9101,1.9101,1427
2022-02-17 15:56:00,1.91,1.9129,1.91,1.91,462
2022-02-17 15:54:00,1.9278,1.9278,1.9278,1.9278,366
2022-02-17 15:53:00,1.9128,1.92,1.9128,1.92,883
2022-02-17 15:52:00,1.9299,1.9299,1.9101,1.9101,1399
2022-02-17 15:49:00,1.92,1.92,1.92,1.92,699
2022-02-17 15:48:00,1.9101,1.9101,1.9101,1.9101,204
2022-02-17 15:41:00,1.9101,1.925,1.9101,1.925,303
2022-02-17 15:40:00,1.94,1.94,1.925,1.9338,574
2022-02-17 15:36:00,1.9128,1.9128,1.9128,1.9128,1004
2022-02-17 15:33:00,1.95,1.95,1.95,1.95,455
2022-02-17 15:32:00,1.93,1.93,1.93,1.93,1504
2022-02-17 15:30:00,1.93,1.93,1.93,1.93,1031
2022-02-17 15:29:00,1.9301,1.9301,1.93,1.93,626
2022-02-17 15:28:00,1.9499,1.9499,1.9499,1.9499,103
2022-02-17 15:27:00,1.9301,1.9301,1.9301,1.9301,409
2022-02-17 15:25:00,1.94,1.94,1.94,1.94,458
2022-02-17 15:24:00,1.9486,1.9486,1.9486,1.9486,5954
2022-02-17 15:22:00,1.9486,1.9486,1.9486,1.9486,942
2022-02-17 15:21:00,1.9464,1.9464,1.9464,1.9464,183
2022-02-17 15:16:00,1.9173,1.935,1.915,1.935,5347
2022-02-17 15:14:00,1.905,1.905,1.905,1.905,204
2022-02-17 15:13:00,1.92,1.92,1.92,1.92,400
2022-02-17 15:12:00,1.9,1.9,1.8941,1.8946,5025
2022-02-17 15:11:00,1.895,1.895,1.895,1.895,262
2022-02-17 15:09:00,1.895,1.895,1.895,1.895,767
2022-02-17 15:08:00,1.89,1.89,1.89,1.89,200
2022-02-17 15:06:00,1.9,1.9,1.9,1.9,5003
2022-02-17 15:05:00,1.91,1.91,1.89,1.89,7559
2022-02-17 15:04:00,1.9101,1.9101,1.91,1.91,604
2022-02-17 15:03:00,1.92,1.92,1.92,1.92,3498
2022-02-17 15:00:00,1.9207,1.925,1.9207,1.925,1214
2022-02-17 14:58:00,1.92,1.92,1.92,1.92,161
2022-02-17 14:57:00,1.94,1.94,1.93,1.93,4053
2022-02-17 14:56:00,1.94,1.94,1.94,1.94,200
2022-02-17 14:52:00,1.9499,1.9499,1.9499,1.9499,515
2022-02-17 14:49:00,1.95,1.95,1.95,1.95,603
2022-02-17 14:46:00,1.94,1.945,1.93,1.945,2162
2022-02-17 14:43:00,1.95,1.95,1.9401,1.9401,966
2022-02-17 14:41:00,1.95,1.95,1.95,1.95,1443
2022-02-17 14:39:00,1.97,1.97,1.96,1.96,854
2022-02-17 14:32:00,1.9601,1.9601,1.96,1.96,1690
2022-02-17 14:30:00,1.97,1.97,1.97,1.97,200
2022-02-17 14:25:00,1.9842,1.9842,1.9842,1.9842,125
2022-02-17 14:19:00,1.98,1.9954,1.98,1.9954,552
2022-02-17 14:15:00,1.96,2.0,1.96,2.0,845
2022-02-17 14:14:00,1.955,1.955,1.955,1.955,1510
2022-02-17 14:05:00,1.99,1.99,1.99,1.99,410
2022-02-17 14:04:00,1.96,1.97,1.95,1.97,1141
2022-02-17 14:03:00,1.97,1.97,1.97,1.97,400
2022-02-17 14:02:00,1.93,1.95,1.93,1.95,3434
2022-02-17 14:01:00,1.93,1.93,1.92,1.93,3056
2022-02-17 14:00:00,1.9399,1.9399,1.9399,1.9399,213
2022-02-17 13:59:00,1.9364,1.9364,1.9364,1.9364,1052
2022-02-17 13:52:00,1.935,1.935,1.935,1.935,142
2022-02-17 13:51:00,1.94,1.94,1.94,1.94,922
2022-02-17 13:49:00,1.939,1.94,1.93,1.94,3947
2022-02-17 13:47:00,1.9361,1.95,1.9361,1.95,2470
2022-02-17 13:46:00,1.955,1.955,1.92,1.92,3188
2022-02-17 13:43:00,1.97,1.97,1.96,1.96,2982
2022-02-17 13:42:00,2.01,2.01,1.96,1.9751,8105
2022-02-17 13:39:00,2.01,2.01,2.0,2.0,2264
2022-02-17 13:38:00,2.01,2.01,2.0,2.0018,5747
2022-02-17 13:35:00,2.02,2.02,2.02,2.02,1100
2022-02-17 13:33:00,2.0101,2.0101,2.0101,2.0101,304
2022-02-17 13:26:00,2.04,2.04,2.01,2.04,19953
2022-02-17 13:25:00,2.04,2.045,2.04,2.045,15460
2022-02-17 13:20:00,2.04,2.04,2.04,2.04,209
2022-02-17 13:17:00,2.04,2.04,2.04,2.04,284
2022-02-17 13:16:00,2.0409,2.0409,2.0409,2.0409,200
2022-02-17 13:15:00,2.0401,2.0401,2.0401,2.0401,405
2022-02-17 13:09:00,2.04,2.04,2.04,2.04,604
2022-02-17 13:08:00,2.0402,2.0402,2.0402,2.0402,100
2022-02-17 13:06:00,2.05,2.05,2.05,2.05,905
2022-02-17 13:05:00,2.05,2.05,2.05,2.05,643
2022-02-17 13:01:00,2.05,2.05,2.05,2.05,1136
2022-02-17 12:50:00,2.06,2.06,2.05,2.05,702
2022-02-17 12:46:00,2.06,2.06,2.06,2.06,458
2022-02-17 12:36:00,2.05,2.05,2.05,2.05,2177
2022-02-17 12:25:00,2.0501,2.0501,2.0501,2.0501,400
2022-02-17 12:24:00,2.055,2.055,2.055,2.055,146
2022-02-17 12:22:00,2.05,2.05,2.05,2.05,2209
2022-02-17 12:17:00,2.05,2.05,2.05,2.05,3701
2022-02-17 12:16:00,2.05,2.05,2.05,2.05,912
2022-02-17 12:15:00,2.06,2.06,2.05,2.0555,3500
2022-02-17 12:13:00,2.06,2.06,2.06,2.06,150
2022-02-17 12:09:00,2.06,2.06,2.06,2.06,208
2022-02-17 11:58:00,2.06,2.06,2.06,2.06,233
2022-02-17 11:56:00,2.06,2.0629,2.06,2.0629,466
2022-02-17 11:52:00,2.06,2.06,2.06,2.06,200
2022-02-17 11:49:00,2.06,2.06,2.06,2.06,406
2022-02-17 11:48:00,2.0808,2.0808,2.06,2.06,5558
2022-02-17 11:44:00,2.08,2.085,2.08,2.08,823
2022-02-17 11:42:00,2.0899,2.0899,2.0899,2.0899,695
2022-02-17 11:40:00,2.0899,2.09,2.085,2.085,947
2022-02-17 11:36:00,2.09,2.09,2.085,2.085,322
2022-02-17 11:35:00,2.08,2.08,2.08,2.08,225
2022-02-17 11:33:00,2.085,2.085,2.085,2.085,274
2022-02-17 11:32:00,2.08,2.08,2.08,2.08,226
2022-02-17 11:28:00,2.0803,2.0803,2.0803,2.0803,325
2022-02-17 11:27:00,2.09,2.09,2.09,2.09,1754
2022-02-17 11:25:00,2.07,2.07,2.07,2.07,694
2022-02-17 11:22:00,2.0701,2.0701,2.07,2.07,2271
2022-02-17 11:21:00,2.08,2.1,2.0698,2.0701,7385
2022-02-17 11:20:00,2.1099,2.1099,2.0601,2.0794,1602
2022-02-17 11:19:00,2.08,2.1,2.08,2.1,54107
2022-02-17 11:16:00,2.065,2.065,2.065,2.065,138
2022-02-17 11:15:00,2.065,2.065,2.065,2.065,100
2022-02-17 11:14:00,2.0698,2.07,2.04,2.0528,20770
2022-02-17 11:13:00,2.055,2.08,2.055,2.0699,6952
2022-02-17 11:09:00,2.0575,2.0575,2.0575,2.0575,4007
2022-02-17 11:06:00,2.05,2.05,2.05,2.05,200
2022-02-17 11:00:00,2.05,2.05,2.05,2.05,151
2022-02-17 10:59:00,2.055,2.055,2.055,2.055,2000
2022-02-17 10:58:00,2.055,2.06,2.055,2.055,1248
2022-02-17 10:56:00,2.06,2.06,2.055,2.055,610
2022-02-17 10:54:00,2.0593,2.0593,2.0593,2.0593,100
2022-02-17 10:53:00,2.06,2.06,2.055,2.0589,2201
2022-02-17 10:52:00,2.06,2.06,2.06,2.06,125
2022-02-17 10:51:00,2.06,2.06,2.055,2.055,1900
2022-02-17 10:50:00,2.06,2.06,2.06,2.06,11833
2022-02-17 10:48:00,2.0691,2.0691,2.0691,2.0691,215
2022-02-17 10:47:00,2.0699,2.0699,2.06,2.06,605
2022-02-17 10:46:00,2.07,2.07,2.07,2.07,420
2022-02-17 10:45:00,2.07,2.07,2.06,2.06,6843
2022-02-17 10:44:00,2.06,2.0663,2.06,2.0663,600
2022-02-17 10:43:00,2.0699,2.07,2.0699,2.07,2500
2022-02-17 10:41:00,2.0684,2.0684,2.0684,2.0684,244
2022-02-17 10:40:00,2.07,2.07,2.06,2.06,1249
2022-02-17 10:39:00,2.07,2.0939,2.0608,2.0651,1242
2022-02-17 10:38:00,2.1,2.1,2.07,2.1,4346
2022-02-17 10:36:00,2.12,2.12,2.12,2.12,308
2022-02-17 10:35:00,2.125,2.125,2.125,2.125,450
2022-02-17 10:34:00,2.12,2.12,2.12,2.12,200
2022-02-17 10:32:00,2.11,2.13,2.11,2.13,497
2022-02-17 10:31:00,2.09,2.09,2.09,2.09,346
2022-02-17 10:30:00,2.08,2.09,2.08,2.09,2711
2022-02-17 10:29:00,2.09,2.09,2.08,2.09,5621
2022-02-17 10:28:00,2.145,2.145,2.09,2.1,20118
2022-02-17 10:26:00,2.14,2.14,2.14,2.14,301
2022-02-17 10:24:00,2.1474,2.1474,2.14,2.14,2153
2022-02-17 10:23:00,2.145,2.145,2.145,2.145,820
2022-02-17 10:21:00,2.1401,2.1401,2.14,2.14,231
2022-02-17 10:17:00,2.14,2.14,2.14,2.14,1005
2022-02-17 10:16:00,2.14,2.1402,2.14,2.1401,5201
2022-02-17 10:13:00,2.15,2.15,2.14,2.14,1110
2022-02-17 10:11:00,2.1501,2.1501,2.15,2.15,4719
2022-02-17 10:10:00,2.1678,2.1678,2.15,2.15,863
2022-02-17 10:09:00,2.1786,2.1786,2.1786,2.1786,1719
2022-02-17 10:08:00,2.16,2.16,2.16,2.16,357
2022-02-17 10:07:00,2.1535,2.1535,2.1535,2.1535,406
2022-02-17 10:06:00,2.175,2.175,2.15,2.15,1690
2022-02-17 10:04:00,2.1655,2.1655,2.1634,2.1634,400
2022-02-17 10:02:00,2.1567,2.1601,2.155,2.1601,2146
2022-02-17 10:01:00,2.1501,2.1513,2.1501,2.1513,798
2022-02-17 10:00:00,2.1514,2.1514,2.1514,2.1514,113
2022-02-17 09:58:00,2.1527,2.159,2.1527,2.159,200
2022-02-17 09:54:00,2.1847,2.1847,2.1847,2.1847,201
2022-02-17 09:52:00,2.1608,2.1608,2.1608,2.1608,1000
2022-02-17 09:51:00,2.18,2.18,2.14,2.15,10639
2022-02-17 09:49:00,2.2044,2.2044,2.185,2.185,579
2022-02-17 09:48:00,2.2073,2.21,2.2,2.2,709
2022-02-17 09:47:00,2.1844,2.33,2.16,2.21,31301
2022-02-17 09:46:00,2.1945,2.1945,2.1945,2.1945,115
2022-02-17 09:45:00,2.21,2.21,2.1775,2.1775,550
2022-02-17 09:44:00,2.15,2.21,2.1401,2.21,2350
2022-02-17 09:43:00,2.18,2.18,2.14,2.15,4795
2022-02-17 09:42:00,2.18,2.1814,2.18,2.1801,5440
2022-02-17 09:41:00,2.2,2.2,2.18,2.18,3810
2022-02-17 09:40:00,2.2,2.2,2.2,2.2,201
2022-02-17 09:39:00,2.19,2.19,2.18,2.1801,2823
2022-02-17 09:38:00,2.22,2.22,2.205,2.205,1374
2022-02-17 09:36:00,2.22,2.22,2.22,2.22,1154
2022-02-17 09:35:00,2.22,2.22,2.2012,2.22,1600
2022-02-17 09:34:00,2.21,2.22,2.18,2.22,5709
2022-02-17 09:33:00,2.22,2.22,2.2173,2.218,1098
2022-02-17 09:31:00,2.24,2.24,2.22,2.22,1258
2022-02-17 09:29:00,2.27,2.27,2.27,2.27,210
2022-02-17 08:49:00,2.25,2.25,2.25,2.25,100
2022-02-17 08:33:00,2.24,2.26,2.24,2.26,1100
2022-02-17 08:32:00,2.24,2.24,2.24,2.24,100
2022-02-17 08:23:00,2.22,2.22,2.22,2.22,105
2022-02-17 08:16:00,2.24,2.24,2.24,2.24,105
2022-02-17 08:01:00,2.16,2.16,2.16,2.16,275
2022-02-17 07:56:00,2.21,2.21,2.21,2.21,450
2022-02-17 07:50:00,2.2,2.2,2.17,2.17,558
2022-02-17 04:02:00,2.15,2.15,2.15,2.15,300
2022-02-16 18:57:00,2.26,2.27,2.26,2.27,978
2022-02-16 18:30:00,2.2,2.2,2.2,2.2,300
2022-02-16 18:13:00,2.2,2.2,2.2,2.2,100
2022-02-16 17:26:00,2.27,2.27,2.27,2.27,345
2022-02-16 17:25:00,2.27,2.27,2.26,2.26,2000
2022-02-16 17:24:00,2.26,2.26,2.25,2.25,978
2022-02-16 17:14:00,2.26,2.26,2.26,2.26,500
2022-02-16 17:12:00,2.23,2.23,2.23,2.23,500
2022-02-16 16:17:00,2.2,2.2,2.2,2.2,1000
2022-02-16 16:11:00,2.26,2.27,2.26,2.27,1325
2022-02-16 16:04:00,2.2,2.2,2.2,2.2,520
2022-02-16 16:03:00,2.2,2.2,2.2,2.2,100
2022-02-16 16:02:00,2.27,2.27,2.27,2.27,2000
2022-02-16 16:00:00,2.24,2.25,2.22,2.25,5817
2022-02-16 15:59:00,2.2261,2.25,2.2261,2.25,1013
2022-02-16 15:58:00,2.27,2.27,2.23,2.2376,2656
2022-02-16 15:57:00,2.245,2.27,2.245,2.27,3669
2022-02-16 15:55:00,2.251,2.2527,2.25,2.2527,9203
2022-02-16 15:54:00,2.27,2.28,2.27,2.28,817
2022-02-16 15:53:00,2.28,2.28,2.25,2.28,1011
2022-02-16 15:52:00,2.25,2.26,2.25,2.25,1308
2022-02-16 15:51:00,2.21,2.25,2.201,2.2101,9981
2022-02-16 15:50:00,2.26,2.26,2.26,2.26,1907
2022-02-16 15:49:00,2.25,2.26,2.25,2.25,1273
2022-02-16 15:48:00,2.25,2.25,2.235,2.25,4680
2022-02-16 15:47:00,2.25,2.25,2.235,2.235,6812
2022-02-16 15:46:00,2.25,2.25,2.22,2.22,2805
2022-02-16 15:45:00,2.23,2.25,2.2275,2.25,1499
2022-02-16 15:44:00,2.22,2.23,2.22,2.2283,2607
2022-02-16 15:43:00,2.23,2.23,2.225,2.229,2943
2022-02-16 15:42:00,2.22,2.23,2.22,2.23,2002
2022-02-16 15:40:00,2.22,2.22,2.215,2.215,1300
2022-02-16 15:39:00,2.22,2.22,2.22,2.22,408
2022-02-16 15:38:00,2.2016,2.2016,2.19,2.2,4636
2022-02-16 15:37:00,2.2,2.21,2.1936,2.205,3029
2022-02-16 15:36:00,2.23,2.23,2.19,2.19,6109
2022-02-16 15:35:00,2.235,2.235,2.23,2.23,560
2022-02-16 15:34:00,2.2327,2.235,2.23,2.235,883
2022-02-16 15:32:00,2.235,2.24,2.235,2.235,4703
2022-02-16 15:31:00,2.24,2.24,2.235,2.235,1757
2022-02-16 15:30:00,2.23,2.24,2.23,2.235,2665
2022-02-16 15:29:00,2.24,2.24,2.24,2.24,935
2022-02-16 15:28:00,2.24,2.245,2.24,2.245,3250
2022-02-16 15:27:00,2.24,2.25,2.24,2.25,1858
2022-02-16 15:26:00,2.265,2.27,2.25,2.25,17266
2022-02-16 15:25:00,2.265,2.265,2.26,2.265,7016
2022-02-16 15:24:00,2.27,2.27,2.27,2.27,605
2022-02-16 15:23:00,2.2746,2.2746,2.2746,2.2746,339
2022-02-16 15:22:00,2.2701,2.2701,2.2701,2.2701,200
2022-02-16 15:21:00,2.2791,2.2791,2.2791,2.2791,437
2022-02-16 15:20:00,2.2718,2.28,2.27,2.28,3062
2022-02-16 15:17:00,2.28,2.28,2.28,2.28,191
2022-02-16 15:16:00,2.2801,2.2801,2.28,2.28,5037
2022-02-16 15:13:00,2.2801,2.2801,2.2801,2.2801,1022
2022-02-16 15:11:00,2.285,2.285,2.285,2.285,572
2022-02-16 15:10:00,2.2818,2.29,2.28,2.28,1157
2022-02-16 15:09:00,2.2801,2.2809,2.2801,2.2809,2504
2022-02-16 15:07:00,2.29,2.2902,2.29,2.2902,2372
2022-02-16 15:06:00,2.2938,2.2938,2.2938,2.2938,103
2022-02-16 15:05:00,2.29,2.3,2.2898,2.2914,4169
2022-02-16 15:04:00,2.28,2.29,2.28,2.2899,2351
2022-02-16 15:03:00,2.28,2.28,2.27,2.28,9223
2022-02-16 15:01:00,2.265,2.27,2.265,2.27,1713
2022-02-16 15:00:00,2.27,2.27,2.27,2.27,10000
2022-02-16 14:59:00,2.27,2.27,2.27,2.27,500
2022-02-16 14:57:00,2.27,2.27,2.27,2.27,356
2022-02-16 14:55:00,2.27,2.27,2.2688,2.2688,4569
2022-02-16 14:52:00,2.265,2.265,2.265,2.265,320
2022-02-16 14:49:00,2.265,2.265,2.2612,2.2612,567
2022-02-16 14:47:00,2.2791,2.2791,2.2601,2.2601,2414
2022-02-16 14:46:00,2.265,2.27,2.265,2.27,6238
2022-02-16 14:45:00,2.26,2.2601,2.26,2.2601,475
2022-02-16 14:44:00,2.265,2.265,2.2638,2.265,906
2022-02-16 14:43:00,2.26,2.265,2.26,2.265,2233
2022-02-16 14:42:00,2.268,2.27,2.2638,2.2638,1100
2022-02-16 14:41:00,2.27,2.27,2.27,2.27,103
2022-02-16 14:40:00,2.26,2.269,2.26,2.269,1280
2022-02-16 14:39:00,2.2575,2.27,2.2575,2.27,3806
2022-02-16 14:38:00,2.2688,2.2688,2.26,2.26,1403
2022-02-16 14:37:00,2.28,2.28,2.28,2.28,1690
2022-02-16 14:36:00,2.27,2.2794,2.27,2.2794,5100
2022-02-16 14:35:00,2.26,2.2638,2.26,2.2638,1206
2022-02-16 14:34:00,2.255,2.255,2.255,2.255,1171
2022-02-16 14:33:00,2.25,2.27,2.25,2.26,21793
2022-02-16 14:31:00,2.2401,2.25,2.2401,2.25,8553
2022-02-16 14:26:00,2.24,2.24,2.24,2.24,3412
2022-02-16 14:24:00,2.23,2.23,2.23,2.23,1015
2022-02-16 14:23:00,2.23,2.23,2.2124,2.22,1125
2022-02-16 14:21:00,2.2297,2.23,2.2297,2.23,5886
2022-02-16 14:20:00,2.2299,2.2299,2.2211,2.2211,303
2022-02-16 14:18:00,2.22,2.225,2.22,2.225,3656
2022-02-16 14:16:00,2.2201,2.2201,2.2201,2.2201,2000
2022-02-16 14:15:00,2.225,2.225,2.225,2.225,127
2022-02-16 14:14:00,2.225,2.225,2.2205,2.2205,3720
2022-02-16 14:10:00,2.2283,2.2283,2.2283,2.2283,268
2022-02-16 14:09:00,2.2253,2.2253,2.2253,2.2253,250
2022-02-16 14:08:00,2.24,2.24,2.2201,2.2201,3678
2022-02-16 14:05:00,2.23,2.2301,2.2297,2.2301,10422
2022-02-16 14:04:00,2.22,2.23,2.22,2.23,2402
2022-02-16 14:03:00,2.2199,2.2199,2.2185,2.2185,912
2022-02-16 14:02:00,2.2023,2.2023,2.2023,2.2023,1510
2022-02-16 14:01:00,2.2128,2.22,2.2,2.2,2901
2022-02-16 14:00:00,2.22,2.22,2.2,2.22,5109
2022-02-16 13:59:00,2.24,2.24,2.24,2.24,100
2022-02-16 13:58:00,2.235,2.235,2.23,2.23,2921
2022-02-16 13:57:00,2.24,2.24,2.24,2.24,1942
2022-02-16 13:56:00,2.23,2.23,2.23,2.23,1025
2022-02-16 13:55:00,2.225,2.225,2.225,2.225,500
2022-02-16 13:53:00,2.2101,2.2101,2.2101,2.2101,140
2022-02-16 13:50:00,2.22,2.22,2.22,2.22,200
2022-02-16 13:49:00,2.2001,2.2001,2.2001,2.2001,1364
2022-02-16 13:48:00,2.2101,2.24,2.2101,2.23,10397
2022-02-16 13:47:00,2.22,2.23,2.22,2.22,3606
2022-02-16 13:46:00,2.21,2.22,2.21,2.22,400
2022-02-16 13:45:00,2.22,2.22,2.22,2.22,1359
2022-02-16 13:44:00,2.21,2.21,2.21,2.21,2242
2022-02-16 13:42:00,2.2,2.2,2.2,2.2,570
2022-02-16 13:41:00,2.21,2.21,2.21,2.21,389
2022-02-16 13:34:00,2.21,2.22,2.21,2.22,2654
2022-02-16 13:30:00,2.21,2.21,2.21,2.21,1835
2022-02-16 13:29:00,2.2,2.2,2.2,2.2,8262
2022-02-16 13:28:00,2.18,2.1827,2.18,2.1827,271
2022-02-16 13:26:00,2.175,2.18,2.175,2.18,3405
2022-02-16 13:25:00,2.18,2.18,2.18,2.18,100
2022-02-16 13:24:00,2.18,2.18,2.1711,2.1711,2082
2022-02-16 13:23:00,2.18,2.18,2.18,2.18,100
2022-02-16 13:22:00,2.175,2.18,2.175,2.18,410
2022-02-16 13:16:00,2.1701,2.18,2.1701,2.18,201
2022-02-16 13:15:00,2.18,2.18,2.1789,2.1789,333
2022-02-16 13:14:00,2.169,2.17,2.169,2.17,997
2022-02-16 13:13:00,2.17,2.17,2.17,2.17,1404
2022-02-16 13:12:00,2.17,2.17,2.17,2.17,120
2022-02-16 13:09:00,2.1609,2.1609,2.1609,2.1609,1000
2022-02-16 13:07:00,2.165,2.17,2.165,2.17,8834
2022-02-16 13:05:00,2.1601,2.1601,2.1601,2.1601,101
2022-02-16 13:04:00,2.1618,2.1618,2.1618,2.1618,101
2022-02-16 13:03:00,2.1602,2.17,2.1602,2.165,549
2022-02-16 13:02:00,2.1675,2.1675,2.1675,2.1675,301
2022-02-16 13:01:00,2.165,2.165,2.165,2.165,112
2022-02-16 12:58:00,2.17,2.17,2.17,2.17,109
2022-02-16 12:57:00,2.17,2.17,2.17,2.17,100
2022-02-16 12:53:00,2.17,2.17,2.17,2.17,106
2022-02-16 12:51:00,2.17,2.17,2.17,2.17,785
2022-02-16 12:50:00,2.1701,2.1701,2.1701,2.1701,236
2022-02-16 12:49:00,2.175,2.175,2.175,2.175,472
2022-02-16 12:47:00,2.1701,2.175,2.17,2.175,2125
2022-02-16 12:46:00,2.1775,2.1775,2.1775,2.1775,200
2022-02-16 12:45:00,2.1749,2.1775,2.1749,2.1775,1241
2022-02-16 12:44:00,2.175,2.175,2.175,2.175,304
2022-02-16 12:43:00,2.1775,2.1775,2.1775,2.1775,100
2022-02-16 12:42:00,2.175,2.1775,2.175,2.1775,509
2022-02-16 12:41:00,2.175,2.175,2.175,2.175,422
2022-02-16 12:40:00,2.175,2.175,2.175,2.175,3000
2022-02-16 12:38:00,2.175,2.175,2.1722,2.1722,1306
2022-02-16 12:37:00,2.185,2.19,2.18,2.18,3723
2022-02-16 12:36:00,2.19,2.19,2.19,2.19,227
2022-02-16 12:35:00,2.1875,2.19,2.185,2.19,1727
2022-02-16 12:34:00,2.185,2.19,2.1813,2.1875,5499
2022-02-16 12:33:00,2.185,2.185,2.185,2.185,101
2022-02-16 12:28:00,2.21,2.21,2.21,2.21,121
2022-02-16 12:25:00,2.19,2.19,2.19,2.19,225
2022-02-16 12:21:00,2.1801,2.1801,2.1801,2.1801,400
2022-02-16 12:20:00,2.204,2.204,2.204,2.204,115
2022-02-16 12:19:00,2.2,2.2,2.2,2.2,102
2022-02-16 12:16:00,2.2028,2.2028,2.2028,2.2028,100
2022-02-16 12:15:00,2.195,2.195,2.195,2.195,700
2022-02-16 12:14:00,2.18,2.18,2.1738,2.1738,510
2022-02-16 12:13:00,2.195,2.195,2.195,2.195,715
2022-02-16 12:11:00,2.195,2.195,2.195,2.195,731
2022-02-16 12:08:00,2.1716,2.195,2.1716,2.195,7825
2022-02-16 12:07:00,2.2,2.2299,2.1999,2.22,2004
2022-02-16 12:06:00,2.185,2.185,2.185,2.185,300
2022-02-16 12:05:00,2.17,2.17,2.16,2.16,1103
2022-02-16 12:03:00,2.17,2.21,2.1697,2.21,7665
2022-02-16 12:02:00,2.165,2.165,2.165,2.165,193
2022-02-16 12:00:00,2.17,2.17,2.17,2.17,1504
2022-02-16 11:59:00,2.17,2.175,2.17,2.17,27936
2022-02-16 11:57:00,2.17,2.17,2.17,2.17,300
2022-02-16 11:56:00,2.17,2.17,2.17,2.17,185
2022-02-16 11:55:00,2.165,2.165,2.16,2.1627,1535
2022-02-16 11:54:00,2.17,2.17,2.17,2.17,200
2022-02-16 11:53:00,2.17,2.17,2.17,2.17,668
2022-02-16 11:52:00,2.1691,2.17,2.165,2.17,5523
2022-02-16 11:49:00,2.17,2.17,2.17,2.17,100
2022-02-16 11:47:00,2.1617,2.1617,2.1617,2.1617,201
2022-02-16 11:44:00,2.18,2.18,2.18,2.18,1506
2022-02-16 11:43:00,2.19,2.19,2.18,2.19,2148
2022-02-16 11:42:00,2.19,2.19,2.1801,2.1801,1804
2022-02-16 11:41:00,2.19,2.19,2.19,2.19,700
2022-02-16 11:40:00,2.191,2.195,2.19,2.19,1675
2022-02-16 11:39:00,2.1918,2.1918,2.1918,2.1918,140
2022-02-16 11:37:00,2.2,2.2,2.2,2.2,417
2022-02-16 11:36:00,2.195,2.195,2.195,2.195,257
2022-02-16 11:35:00,2.1919,2.1919,2.1919,2.1919,100
2022-02-16 11:32:00,2.2,2.2,2.1915,2.1915,1242
2022-02-16 11:31:00,2.2,2.2,2.2,2.2,500
2022-02-16 11:30:00,2.2,2.2,2.2,2.2,310
2022-02-16 11:28:00,2.2,2.2,2.2,2.2,1205
2022-02-16 11:27:00,2.2,2.2,2.2,2.2,107
2022-02-16 11:24:00,2.2,2.2,2.2,2.2,100
2022-02-16 11:23:00,2.2,2.2,2.1901,2.2,711
2022-02-16 11:22:00,2.2,2.2,2.2,2.2,100
2022-02-16 11:18:00,2.1901,2.2,2.1901,2.2,209
2022-02-16 11:16:00,2.19,2.1932,2.19,2.1932,850
2022-02-16 11:14:00,2.22,2.22,2.22,2.22,1025
2022-02-16 11:13:00,2.195,2.25,2.195,2.23,18064
2022-02-16 11:11:00,2.19,2.19,2.19,2.19,2842
2022-02-16 11:10:00,2.195,2.195,2.18,2.19,9621
2022-02-16 11:09:00,2.1933,2.195,2.19,2.195,2469
2022-02-16 11:08:00,2.195,2.195,2.19,2.19,9294
2022-02-16 11:06:00,2.195,2.195,2.195,2.195,1103
2022-02-16 11:03:00,2.1901,2.1901,2.1901,2.1901,162
2022-02-16 11:02:00,2.2,2.2,2.195,2.195,870
2022-02-16 11:01:00,2.195,2.195,2.195,2.195,123
2022-02-16 10:59:00,2.1912,2.195,2.1901,2.195,1700
2022-02-16 10:58:00,2.195,2.2,2.195,2.2,1159
2022-02-16 10:57:00,2.1963,2.1963,2.1963,2.1963,602
2022-02-16 10:56:00,2.205,2.205,2.19,2.195,8953
2022-02-16 10:55:00,2.1682,2.2,2.165,2.2,12814
2022-02-16 10:54:00,2.1569,2.1675,2.1569,2.1675,2577
2022-02-16 10:53:00,2.15,2.15,2.15,2.15,110
2022-02-16 10:52:00,2.15,2.15,2.14,2.15,4745
2022-02-16 10:51:00,2.14,2.14,2.14,2.14,413
2022-02-16 10:49:00,2.14,2.14,2.14,2.14,940
2022-02-16 10:48:00,2.1363,2.1363,2.1363,2.1363,1655
2022-02-16 10:47:00,2.14,2.14,2.14,2.14,1000
2022-02-16 10:46:00,2.1399,2.1399,2.1399,2.1399,200
2022-02-16 10:44:00,2.14,2.14,2.14,2.14,100
2022-02-16 10:43:00,2.1397,2.14,2.13,2.13,1336
2022-02-16 10:41:00,2.15,2.1538,2.14,2.15,5285
2022-02-16 10:40:00,2.16,2.16,2.1501,2.1501,1080
2022-02-16 10:39:00,2.1568,2.16,2.1568,2.16,761
2022-02-16 10:38:00,2.155,2.16,2.15,2.16,640
2022-02-16 10:37:00,2.155,2.155,2.154,2.154,4050
2022-02-16 10:36:00,2.16,2.16,2.16,2.16,1045
2022-02-16 10:32:00,2.15,2.15,2.15,2.15,477
2022-02-16 10:31:00,2.14,2.14,2.14,2.14,1298
2022-02-16 10:30:00,2.1348,2.1348,2.1348,2.1348,174
2022-02-16 10:29:00,2.13,2.14,2.13,2.14,4201
2022-02-16 10:28:00,2.11,2.14,2.11,2.14,11281
2022-02-16 10:27:00,2.11,2.12,2.11,2.12,1382
2022-02-16 10:26:00,2.12,2.12,2.12,2.12,196
2022-02-16 10:25:00,2.131,2.131,2.131,2.131,5220
2022-02-16 10:24:00,2.1111,2.1111,2.1101,2.1101,2420
2022-02-16 10:23:00,2.1224,2.14,2.1224,2.125,655
2022-02-16 10:21:00,2.15,2.15,2.125,2.125,1679
2022-02-16 10:20:00,2.15,2.15,2.14,2.14,627
2022-02-16 10:19:00,2.1512,2.1512,2.14,2.14,1030
2022-02-16 10:18:00,2.155,2.16,2.15,2.15,1912
2022-02-16 10:17:00,2.16,2.16,2.1514,2.16,2588
2022-02-16 10:16:00,2.16,2.16,2.16,2.16,133
2022-02-16 10:15:00,2.15,2.16,2.15,2.1584,5640
2022-02-16 10:14:00,2.151,2.151,2.151,2.151,3009
2022-02-16 10:13:00,2.1507,2.155,2.1507,2.155,5973
2022-02-16 10:12:00,2.185,2.19,2.15,2.1501,5372
2022-02-16 10:11:00,2.1808,2.19,2.1808,2.19,2810
2022-02-16 10:10:00,2.18,2.18,2.17,2.17,1943
2022-02-16 10:09:00,2.17,2.18,2.17,2.171,4032
2022-02-16 10:08:00,2.17,2.17,2.16,2.16,2130
2022-02-16 10:07:00,2.14,2.15,2.14,2.15,2818
2022-02-16 10:04:00,2.14,2.14,2.131,2.14,2102
2022-02-16 10:03:00,2.1,2.14,2.1,2.14,3090
2022-02-16 10:01:00,2.0801,2.0901,2.0801,2.0901,4491
2022-02-16 10:00:00,2.1,2.105,2.09,2.09,4314
2022-02-16 09:59:00,2.0801,2.12,2.08,2.095,6797
2022-02-16 09:58:00,2.1001,2.1009,2.08,2.0812,7652
2022-02-16 09:57:00,2.11,2.115,2.1,2.105,8335
2022-02-16 09:56:00,2.1101,2.115,2.11,2.1101,4312
2022-02-16 09:55:00,2.11,2.1161,2.11,2.11,4810
2022-02-16 09:54:00,2.1108,2.12,2.11,2.11,3143
2022-02-16 09:52:00,2.1107,2.1107,2.11,2.11,1527
2022-02-16 09:51:00,2.115,2.115,2.11,2.11,3018
2022-02-16 09:50:00,2.1113,2.1136,2.1112,2.1136,1825
2022-02-16 09:49:00,2.1107,2.12,2.1107,2.115,2772
2022-02-16 09:48:00,2.1137,2.12,2.1137,2.12,3217
2022-02-16 09:47:00,2.115,2.1175,2.1108,2.1175,1335
2022-02-16 09:46:00,2.1121,2.1121,2.1101,2.1101,4803
2022-02-16 09:45:00,2.1175,2.12,2.1175,2.12,3786
2022-02-16 09:44:00,2.1153,2.13,2.11,2.12,9735
2022-02-16 09:43:00,2.13,2.14,2.1101,2.125,2585
2022-02-16 09:42:00,2.1001,2.1599,2.1001,2.1043,2131
2022-02-16 09:41:00,2.095,2.1,2.095,2.1,994
2022-02-16 09:40:00,2.0801,2.09,2.08,2.09,19050
2022-02-16 09:39:00,2.086,2.0976,2.08,2.0899,5015
2022-02-16 09:38:00,2.0599,2.1,2.05,2.0601,11336
2022-02-16 09:37:00,2.13,2.13,2.04,2.05,37201
2022-02-16 09:36:00,2.15,2.1563,2.12,2.13,2099
2022-02-16 09:35:00,2.11,2.17,2.11,2.1352,26679
2022-02-16 09:34:00,2.125,2.13,2.11,2.1101,3633
2022-02-16 09:33:00,2.12,2.14,2.12,2.1278,1771
2022-02-16 09:32:00,2.12,2.15,2.12,2.1394,4818
2022-02-16 09:31:00,2.14,2.17,2.13,2.13,22729
2022-02-16 09:30:00,2.15,2.16,2.15,2.15,8050
2022-02-16 09:28:00,2.15,2.15,2.15,2.15,167
2022-02-16 09:27:00,2.14,2.15,2.14,2.15,2389
2022-02-16 09:25:00,2.14,2.14,2.14,2.14,211
2022-02-16 09:24:00,2.13,2.13,2.13,2.13,262
2022-02-16 09:20:00,2.14,2.14,2.14,2.14,163
2022-02-16 09:19:00,2.13,2.13,2.13,2.13,1200
2022-02-16 09:17:00,2.13,2.13,2.13,2.13,424
2022-02-16 09:13:00,2.13,2.14,2.13,2.14,632
2022-02-16 09:12:00,2.13,2.14,2.13,2.13,2051
2022-02-16 09:08:00,2.14,2.14,2.14,2.14,101
2022-02-16 09:07:00,2.13,2.13,2.13,2.13,2500
2022-02-16 09:04:00,2.14,2.14,2.14,2.14,859
2022-02-16 09:02:00,2.14,2.15,2.14,2.14,3155
2022-02-16 09:01:00,2.15,2.15,2.14,2.14,640
2022-02-16 09:00:00,2.15,2.15,2.15,2.15,300
2022-02-16 08:59:00,2.15,2.15,2.15,2.15,339
2022-02-16 08:56:00,2.15,2.16,2.15,2.15,500
2022-02-16 08:52:00,2.15,2.15,2.15,2.15,948
2022-02-16 08:50:00,2.15,2.15,2.15,2.15,121
2022-02-16 08:47:00,2.15,2.15,2.15,2.15,186
2022-02-16 08:43:00,2.16,2.16,2.16,2.16,250
2022-02-16 08:40:00,2.17,2.17,2.17,2.17,100
2022-02-16 08:35:00,2.17,2.17,2.15,2.15,756
2022-02-16 08:28:00,2.17,2.17,2.17,2.17,100
2022-02-16 08:21:00,2.16,2.16,2.16,2.16,999
2022-02-16 08:15:00,2.16,2.16,2.16,2.16,218
2022-02-16 08:13:00,2.16,2.16,2.16,2.16,100
2022-02-16 08:08:00,2.17,2.17,2.15,2.15,2694
2022-02-16 08:03:00,2.17,2.17,2.17,2.17,1395
2022-02-16 08:02:00,2.1501,2.1501,2.1501,2.1501,700
2022-02-16 08:01:00,2.1301,2.18,2.1301,2.17,6799
2022-02-16 08:00:00,2.17,2.17,2.17,2.17,450
2022-02-16 07:59:00,2.17,2.17,2.17,2.17,501
2022-02-16 07:58:00,2.17,2.17,2.17,2.17,121
2022-02-16 07:53:00,2.15,2.15,2.15,2.15,455
2022-02-16 07:39:00,2.17,2.17,2.13,2.14,4695
2022-02-16 07:38:00,2.17,2.17,2.17,2.17,734
2022-02-16 07:36:00,2.17,2.17,2.17,2.17,800
2022-02-16 07:35:00,2.16,2.17,2.16,2.17,466
2022-02-16 07:34:00,2.17,2.17,2.15,2.17,1496
2022-02-16 07:32:00,2.17,2.17,2.17,2.17,500
2022-02-16 07:30:00,2.17,2.17,2.16,2.16,315
2022-02-16 07:27:00,2.16,2.16,2.16,2.16,215
2022-02-16 07:21:00,2.17,2.18,2.17,2.17,589
2022-02-16 07:09:00,2.14,2.14,2.14,2.14,179
2022-02-16 07:08:00,2.15,2.15,2.15,2.15,400
2022-02-16 07:02:00,2.14,2.14,2.14,2.14,100
2022-02-16 07:01:00,2.17,2.17,2.15,2.15,3445
2022-02-16 06:22:00,2.16,2.16,2.16,2.16,205
2022-02-16 06:09:00,2.18,2.19,2.18,2.19,401
2022-02-16 06:05:00,2.18,2.18,2.18,2.18,200
2022-02-16 05:06:00,2.16,2.16,2.16,2.16,1300
2022-02-16 05:01:00,2.15,2.16,2.15,2.16,3600
2022-02-16 05:00:00,2.16,2.16,2.16,2.16,300
2022-02-16 04:56:00,2.18,2.18,2.13,2.13,8665
2022-02-16 04:55:00,2.19,2.19,2.19,2.19,2200
2022-02-16 04:54:00,2.19,2.19,2.19,2.19,500
2022-02-16 04:42:00,2.19,2.19,2.19,2.19,125
2022-02-16 04:41:00,2.18,2.18,2.18,2.18,800
2022-02-16 04:38:00,2.17,2.17,2.17,2.17,140
2022-02-16 04:37:00,2.17,2.18,2.17,2.18,310
2022-02-16 04:24:00,2.18,2.18,2.16,2.18,482
2022-02-16 04:22:00,2.18,2.18,2.18,2.18,128
2022-02-16 04:21:00,2.18,2.18,2.18,2.18,100
2022-02-16 04:18:00,2.18,2.18,2.18,2.18,163
2022-02-16 04:16:00,2.18,2.18,2.18,2.18,450
2022-02-16 04:14:00,2.16,2.16,2.16,2.16,1100
2022-02-16 04:08:00,2.18,2.18,2.18,2.18,275
2022-02-16 04:04:00,2.17,2.17,2.17,2.17,671
2022-02-16 04:01:00,2.21,2.22,2.21,2.22,582
2022-02-15 20:00:00,2.21,2.21,2.21,2.21,1300
2022-02-15 19:59:00,2.2,2.21,2.2,2.21,900
2022-02-15 19:58:00,2.2,2.2,2.2,2.2,1000
2022-02-15 19:56:00,2.2001,2.2001,2.2001,2.2001,284
2022-02-15 19:55:00,2.2,2.2,2.2,2.2,1000
2022-02-15 19:54:00,2.21,2.21,2.21,2.21,900
2022-02-15 19:47:00,2.2001,2.2001,2.2001,2.2001,2500
2022-02-15 19:45:00,2.21,2.21,2.21,2.21,100
2022-02-15 19:38:00,2.21,2.21,2.21,2.21,129
2022-02-15 19:27:00,2.2,2.2,2.2,2.2,870
2022-02-15 19:25:00,2.2,2.2,2.2,2.2,1511
2022-02-15 19:21:00,2.2,2.2,2.2,2.2,1175
2022-02-15 19:20:00,2.2,2.2,2.2,2.2,650
2022-02-15 19:19:00,2.2,2.2,2.2,2.2,700
2022-02-15 19:15:00,2.2,2.2,2.2,2.2,800
2022-02-15 19:13:00,2.2,2.2,2.2,2.2,139
2022-02-15 19:08:00,2.2,2.2,2.2,2.2,284
2022-02-15 18:59:00,2.2001,2.2001,2.2001,2.2001,106
2022-02-15 18:56:00,2.2,2.2,2.2,2.2,341
2022-02-15 18:54:00,2.21,2.21,2.21,2.21,173
2022-02-15 18:53:00,2.21,2.21,2.21,2.21,3000
2022-02-15 18:52:00,2.21,2.21,2.21,2.21,1000
2022-02-15 18:51:00,2.21,2.21,2.21,2.21,900
2022-02-15 18:43:00,2.21,2.21,2.2,2.2,1225
2022-02-15 18:40:00,2.21,2.21,2.21,2.21,2434
2022-02-15 18:38:00,2.24,2.24,2.24,2.24,100
2022-02-15 18:25:00,2.2,2.21,2.2,2.21,200
2022-02-15 18:11:00,2.24,2.24,2.24,2.24,889
2022-02-15 18:07:00,2.23,2.24,2.23,2.24,302
2022-02-15 18:05:00,2.2299,2.2299,2.2299,2.2299,4890
2022-02-15 18:03:00,2.21,2.22,2.21,2.22,1529
2022-02-15 18:02:00,2.2,2.2,2.2,2.2,231
2022-02-15 18:00:00,2.2,2.2,2.2,2.2,250
2022-02-15 17:58:00,2.2,2.2,2.2,2.2,220
2022-02-15 17:55:00,2.2,2.2,2.2,2.2,200
2022-02-15 17:47:00,2.21,2.21,2.21,2.21,1930
2022-02-15 17:46:00,2.2,2.2,2.2,2.2,270
2022-02-15 17:35:00,2.2,2.2,2.2,2.2,1198
2022-02-15 17:33:00,2.19,2.19,2.19,2.19,300
2022-02-15 17:28:00,2.2,2.2,2.2,2.2,200
2022-02-15 17:27:00,2.19,2.19,2.19,2.19,800
2022-02-15 17:23:00,2.21,2.21,2.21,2.21,551
2022-02-15 17:19:00,2.19,2.19,2.19,2.19,120
2022-02-15 17:18:00,2.2,2.2,2.2,2.2,350
2022-02-15 17:15:00,2.2,2.2,2.19,2.19,2400
2022-02-15 17:13:00,2.2,2.2,2.2,2.2,294
2022-02-15 17:08:00,2.24,2.24,2.23,2.23,300
2022-02-15 17:07:00,2.22,2.23,2.22,2.23,1700
2022-02-15 17:06:00,2.21,2.21,2.21,2.21,527
2022-02-15 17:05:00,2.19,2.2,2.19,2.2,1611
2022-02-15 17:03:00,2.19,2.19,2.19,2.19,800
2022-02-15 16:58:00,2.18,2.18,2.18,2.18,310
2022-02-15 16:54:00,2.17,2.17,2.17,2.17,100
2022-02-15 16:52:00,2.19,2.19,2.19,2.19,1184
2022-02-15 16:51:00,2.18,2.18,2.18,2.18,200
2022-02-15 16:50:00,2.18,2.19,2.17,2.17,3395
2022-02-15 16:49:00,2.19,2.19,2.19,2.19,216
2022-02-15 16:48:00,2.19,2.19,2.19,2.19,100
2022-02-15 16:45:00,2.19,2.19,2.19,2.19,1785
2022-02-15 16:44:00,2.19,2.19,2.19,2.19,832
2022-02-15 16:43:00,2.2,2.2,2.19,2.19,2100
2022-02-15 16:38:00,2.21,2.21,2.21,2.21,280
2022-02-15 16:37:00,2.2,2.21,2.2,2.21,490
2022-02-15 16:35:00,2.19,2.21,2.19,2.21,1500
2022-02-15 16:34:00,2.19,2.19,2.19,2.19,668
2022-02-15 16:32:00,2.2,2.2,2.2,2.2,121
2022-02-15 16:31:00,2.19,2.19,2.18,2.19,2419
2022-02-15 16:30:00,2.2,2.2,2.19,2.19,1121
2022-02-15 16:29:00,2.21,2.21,2.2,2.2,1610
2022-02-15 16:27:00,2.23,2.23,2.23,2.23,477
2022-02-15 16:23:00,2.22,2.24,2.22,2.24,870
2022-02-15 16:22:00,2.25,2.25,2.25,2.25,2400
2022-02-15 16:21:00,2.24,2.25,2.24,2.25,5518
2022-02-15 16:20:00,2.24,2.25,2.23,2.25,2285
2022-02-15 16:19:00,2.21,2.22,2.21,2.22,1740
2022-02-15 16:17:00,2.2,2.21,2.2,2.2,5391
2022-02-15 16:16:00,2.2,2.2,2.2,2.2,1000
2022-02-15 16:15:00,2.2,2.2,2.2,2.2,3310
2022-02-15 16:12:00,2.2,2.2,2.1999,2.2,5700
2022-02-15 16:10:00,2.2,2.2,2.2,2.2,1063
2022-02-15 16:09:00,2.19,2.2,2.19,2.2,803
2022-02-15 16:08:00,2.19,2.2,2.19,2.2,1200
2022-02-15 16:07:00,2.2,2.2,2.2,2.2,405
2022-02-15 16:06:00,2.2,2.21,2.1999,2.2,7966
2022-02-15 16:05:00,2.19,2.2,2.19,2.2,1010
2022-02-15 16:04:00,2.21,2.21,2.2,2.21,2379
2022-02-15 16:03:00,2.19,2.19,2.19,2.19,345
2022-02-15 16:02:00,2.22,2.22,2.15,2.16,1778
2022-02-15 16:01:00,2.22,2.23,2.22,2.22,1733
2022-02-15 16:00:00,2.2191,2.25,2.21,2.2499,148114
2022-02-15 15:59:00,2.216,2.22,2.21,2.2101,52470
2022-02-15 15:58:00,2.205,2.22,2.201,2.22,44845
2022-02-15 15:57:00,2.18,2.21,2.17,2.21,41101
2022-02-15 15:56:00,2.17,2.18,2.16,2.18,18908
2022-02-15 15:55:00,2.135,2.17,2.13,2.17,48090
2022-02-15 15:54:00,2.135,2.15,2.13,2.135,35304
2022-02-15 15:53:00,2.205,2.21,2.13,2.131,77455
2022-02-15 15:52:00,2.22,2.22,2.2,2.205,24046
2022-02-15 15:51:00,2.205,2.23,2.205,2.2199,68464
2022-02-15 15:50:00,2.2,2.21,2.195,2.21,56717
2022-02-15 15:49:00,2.2,2.2,2.19,2.2,8321
2022-02-15 15:48:00,2.195,2.2,2.1901,2.2,10247
2022-02-15 15:47:00,2.19,2.2,2.18,2.2,9654
2022-02-15 15:46:00,2.1801,2.19,2.18,2.185,13614
2022-02-15 15:45:00,2.18,2.19,2.18,2.185,21761
2022-02-15 15:44:00,2.205,2.205,2.17,2.19,22324
2022-02-15 15:43:00,2.21,2.21,2.2,2.2,17293
2022-02-15 15:42:00,2.205,2.21,2.2,2.21,8831
2022-02-15 15:41:00,2.205,2.21,2.2,2.208,13978
2022-02-15 15:40:00,2.2001,2.21,2.2,2.205,18679
2022-02-15 15:39:00,2.195,2.21,2.19,2.21,75592
2022-02-15 15:38:00,2.18,2.195,2.18,2.191,44815
2022-02-15 15:37:00,2.18,2.18,2.1701,2.18,11132
2022-02-15 15:36:00,2.17,2.18,2.16,2.18,39710
2022-02-15 15:35:00,2.18,2.18,2.1601,2.1601,17163
2022-02-15 15:34:00,2.15,2.18,2.15,2.1793,44413
2022-02-15 15:33:00,2.15,2.1799,2.13,2.1437,97701
2022-02-15 15:32:00,2.13,2.15,2.1201,2.15,19654
2022-02-15 15:31:00,2.13,2.13,2.12,2.13,14328
2022-02-15 15:30:00,2.155,2.16,2.1218,2.1218,14790
2022-02-15 15:29:00,2.151,2.16,2.15,2.1511,39585
2022-02-15 15:28:00,2.125,2.16,2.125,2.1505,35276
2022-02-15 15:27:00,2.13,2.13,2.127,2.13,1258
2022-02-15 15:26:00,2.125,2.13,2.1201,2.1201,6936
2022-02-15 15:25:00,2.125,2.13,2.125,2.13,850
2022-02-15 15:24:00,2.14,2.15,2.125,2.125,21851
2022-02-15 15:23:00,2.1499,2.1499,2.14,2.1499,2900
2022-02-15 15:22:00,2.12,2.14,2.115,2.14,27525
2022-02-15 15:21:00,2.12,2.12,2.113,2.115,3999
2022-02-15 15:20:00,2.11,2.11,2.11,2.11,666
2022-02-15 15:19:00,2.115,2.115,2.11,2.11,2840
2022-02-15 15:18:00,2.11,2.11,2.11,2.11,6251
2022-02-15 15:17:00,2.12,2.12,2.11,2.11,7862
2022-02-15 15:16:00,2.13,2.13,2.1114,2.115,14991
2022-02-15 15:15:00,2.1292,2.13,2.1292,2.13,1700
2022-02-15 15:14:00,2.1401,2.1401,2.12,2.12,14581
2022-02-15 15:13:00,2.15,2.15,2.15,2.15,1005
2022-02-15 15:12:00,2.15,2.15,2.145,2.15,3330
2022-02-15 15:11:00,2.1411,2.1411,2.1411,2.1411,1000
2022-02-15 15:10:00,2.1481,2.15,2.1401,2.15,14300
2022-02-15 15:09:00,2.142,2.142,2.1414,2.1414,224
2022-02-15 15:08:00,2.15,2.15,2.1499,2.1499,9840
2022-02-15 15:07:00,2.15,2.15,2.14,2.145,30793
2022-02-15 15:06:00,2.148,2.16,2.1413,2.1413,19148
2022-02-15 15:05:00,2.13,2.1501,2.12,2.1499,23513
2022-02-15 15:04:00,2.1211,2.13,2.1211,2.13,1050
2022-02-15 15:03:00,2.1299,2.1299,2.12,2.1225,2600
2022-02-15 15:02:00,2.13,2.13,2.125,2.13,10825
2022-02-15 15:01:00,2.125,2.13,2.125,2.13,18811
2022-02-15 14:59:00,2.1225,2.1225,2.12,2.1201,6101
2022-02-15 14:58:00,2.1299,2.1299,2.125,2.1299,2805
2022-02-15 14:57:00,2.13,2.13,2.125,2.13,13790
2022-02-15 14:56:00,2.125,2.13,2.125,2.13,14743
2022-02-15 14:55:00,2.12,2.12,2.12,2.12,368
2022-02-15 14:54:00,2.13,2.13,2.12,2.12,7698
2022-02-15 14:53:00,2.135,2.135,2.135,2.135,200
2022-02-15 14:52:00,2.1303,2.14,2.1303,2.1388,4130
2022-02-15 14:51:00,2.1308,2.14,2.13,2.1301,6033
2022-02-15 14:50:00,2.135,2.1387,2.1301,2.1301,2250
2022-02-15 14:49:00,2.13,2.1325,2.13,2.1325,349
2022-02-15 14:48:00,2.1315,2.1325,2.1301,2.131,1600
2022-02-15 14:47:00,2.1399,2.14,2.13,2.14,3971
2022-02-15 14:46:00,2.115,2.14,2.115,2.1392,9573
2022-02-15 14:45:00,2.1551,2.1551,2.11,2.1199,25157
2022-02-15 14:44:00,2.165,2.165,2.16,2.16,4005
2022-02-15 14:43:00,2.16,2.17,2.16,2.165,9738
2022-02-15 14:42:00,2.15,2.17,2.15,2.1601,19599
2022-02-15 14:41:00,2.15,2.151,2.15,2.15,4951
2022-02-15 14:40:00,2.1575,2.16,2.1522,2.1522,1650
2022-02-15 14:39:00,2.1501,2.1588,2.15,2.1588,2203
2022-02-15 14:38:00,2.16,2.16,2.155,2.1586,1434
2022-02-15 14:37:00,2.1601,2.17,2.16,2.16,5636
2022-02-15 14:36:00,2.1631,2.17,2.16,2.16,15253
2022-02-15 14:35:00,2.17,2.17,2.16,2.1675,28336
2022-02-15 14:34:00,2.1505,2.17,2.1505,2.17,18668
2022-02-15 14:33:00,2.1587,2.16,2.15,2.1565,36446
2022-02-15 14:32:00,2.15,2.16,2.15,2.1501,8357
2022-02-15 14:31:00,2.138,2.16,2.135,2.16,27195
2022-02-15 14:30:00,2.13,2.14,2.125,2.13,5440
2022-02-15 14:29:00,2.13,2.13,2.1201,2.125,6352
2022-02-15 14:28:00,2.125,2.13,2.125,2.13,2161
2022-02-15 14:27:00,2.1213,2.13,2.12,2.1284,2228
2022-02-15 14:26:00,2.115,2.12,2.115,2.12,8341
2022-02-15 14:25:00,2.115,2.12,2.1125,2.115,17473
2022-02-15 14:24:00,2.1175,2.12,2.1105,2.1112,2177
2022-02-15 14:23:00,2.12,2.12,2.11,2.12,11883
2022-02-15 14:22:00,2.115,2.12,2.11,2.115,9542
2022-02-15 14:21:00,2.1162,2.1162,2.1101,2.1101,7347
2022-02-15 14:20:00,2.115,2.12,2.115,2.1167,5210
2022-02-15 14:19:00,2.11,2.12,2.11,2.1195,29251
2022-02-15 14:18:00,2.115,2.115,2.1106,2.1106,357
2022-02-15 14:17:00,2.12,2.12,2.11,2.1101,3258
2022-02-15 14:16:00,2.11,2.115,2.11,2.1101,20176
2022-02-15 14:15:00,2.12,2.12,2.115,2.12,6062
2022-02-15 14:14:00,2.12,2.12,2.111,2.115,6049
2022-02-15 14:13:00,2.09,2.115,2.0801,2.115,36191
2022-02-15 14:12:00,2.09,2.095,2.085,2.09,5457
2022-02-15 14:11:00,2.0994,2.1,2.0913,2.1,9081
2022-02-15 14:10:00,2.105,2.105,2.0903,2.095,7146
2022-02-15 14:09:00,2.085,2.105,2.085,2.1,38114
2022-02-15 14:08:00,2.07,2.09,2.07,2.09,6984
2022-02-15 14:07:00,2.0799,2.08,2.07,2.08,28706
2022-02-15 14:06:00,2.075,2.08,2.0701,2.0798,11199
2022-02-15 14:05:00,2.0799,2.08,2.07,2.07,10095
2022-02-15 14:04:00,2.074,2.08,2.07,2.07,13160
2022-02-15 14:03:00,2.0792,2.08,2.07,2.0799,20985
2022-02-15 14:02:00,2.075,2.08,2.0701,2.075,9554
2022-02-15 14:01:00,2.085,2.09,2.0701,2.0795,40237
2022-02-15 14:00:00,2.0717,2.09,2.0701,2.085,47021
2022-02-15 13:59:00,2.07,2.08,2.07,2.07,30115
2022-02-15 13:58:00,2.13,2.13,2.06,2.079,187273
2022-02-15 13:57:00,2.13,2.13,2.125,2.125,13546
2022-02-15 13:56:00,2.1399,2.1399,2.13,2.13,1449
2022-02-15 13:55:00,2.1301,2.1301,2.13,2.13,2153
2022-02-15 13:54:00,2.14,2.14,2.1301,2.1399,8972
2022-02-15 13:53:00,2.1375,2.14,2.1375,2.14,2153
2022-02-15 13:52:00,2.13,2.14,2.13,2.13,12774
2022-02-15 13:51:00,2.135,2.135,2.1301,2.1301,4188
2022-02-15 13:50:00,2.1394,2.1399,2.1394,2.1399,463
2022-02-15 13:49:00,2.1301,2.1398,2.13,2.13,3727
2022-02-15 13:48:00,2.14,2.14,2.13,2.13,7994
2022-02-15 13:47:00,2.14,2.1401,2.14,2.14,2213
2022-02-15 13:46:00,2.1401,2.15,2.1401,2.15,2000
2022-02-15 13:45:00,2.145,2.15,2.14,2.1406,7949
2022-02-15 13:44:00,2.14,2.15,2.14,2.1409,8501
2022-02-15 13:43:00,2.1401,2.145,2.1401,2.145,1215
2022-02-15 13:42:00,2.1493,2.1493,2.1493,2.1493,1180
2022-02-15 13:41:00,2.14,2.14,2.14,2.14,262
2022-02-15 13:40:00,2.14,2.15,2.14,2.145,2525
2022-02-15 13:39:00,2.14,2.1489,2.14,2.1401,4522
2022-02-15 13:38:00,2.14,2.1455,2.14,2.145,2520
2022-02-15 13:37:00,2.1487,2.1496,2.145,2.145,6522
2022-02-15 13:36:00,2.14,2.1487,2.14,2.1487,3718
2022-02-15 13:35:00,2.15,2.15,2.14,2.1437,18530
2022-02-15 13:34:00,2.14,2.15,2.14,2.1406,3089
2022-02-15 13:33:00,2.1501,2.1501,2.145,2.145,1735
2022-02-15 13:32:00,2.1399,2.16,2.135,2.157,27684
2022-02-15 13:31:00,2.13,2.14,2.13,2.1399,3419
2022-02-15 13:30:00,2.1388,2.14,2.13,2.13,10795
2022-02-15 13:29:00,2.15,2.15,2.13,2.13,30713
2022-02-15 13:28:00,2.15,2.155,2.15,2.1511,4539
2022-02-15 13:27:00,2.15,2.15,2.15,2.15,393
2022-02-15 13:26:00,2.1585,2.1585,2.1501,2.1501,1106
2022-02-15 13:25:00,2.16,2.16,2.15,2.1523,2648
2022-02-15 13:24:00,2.16,2.16,2.15,2.15,8615
2022-02-15 13:23:00,2.155,2.1594,2.15,2.155,11330
2022-02-15 13:22:00,2.1549,2.16,2.1549,2.1592,10992
2022-02-15 13:21:00,2.15,2.1575,2.15,2.1575,1495
2022-02-15 13:20:00,2.155,2.155,2.15,2.155,4371
2022-02-15 13:19:00,2.15,2.16,2.15,2.1591,7977
2022-02-15 13:18:00,2.1508,2.16,2.15,2.15,9958
2022-02-15 13:17:00,2.1889,2.1889,2.14,2.1524,61655
2022-02-15 13:16:00,2.185,2.185,2.185,2.185,3702
2022-02-15 13:15:00,2.2,2.2,2.18,2.18,19049
2022-02-15 13:14:00,2.195,2.2,2.195,2.2,8739
2022-02-15 13:13:00,2.2009,2.21,2.195,2.195,2638
2022-02-15 13:12:00,2.2087,2.2091,2.2087,2.2091,685
2022-02-15 13:11:00,2.21,2.21,2.2,2.2,11863
2022-02-15 13:10:00,2.2,2.21,2.192,2.2001,16592
2022-02-15 13:09:00,2.185,2.2,2.185,2.1901,14239
2022-02-15 13:08:00,2.18,2.19,2.18,2.19,16833
2022-02-15 13:07:00,2.1901,2.1901,2.1801,2.1801,2445
2022-02-15 13:06:00,2.1901,2.1998,2.1901,2.1998,4512
2022-02-15 13:05:00,2.1901,2.1982,2.1901,2.1982,3390
2022-02-15 13:04:00,2.185,2.2,2.185,2.195,40472
2022-02-15 13:03:00,2.1707,2.18,2.1707,2.18,7090
2022-02-15 13:02:00,2.175,2.175,2.175,2.175,100
2022-02-15 13:01:00,2.175,2.175,2.17,2.17,1263
2022-02-15 13:00:00,2.18,2.18,2.17,2.18,5561
2022-02-15 12:59:00,2.1701,2.18,2.1701,2.1799,6769
2022-02-15 12:58:00,2.17,2.17,2.17,2.17,250
2022-02-15 12:57:00,2.179,2.179,2.179,2.179,588
2022-02-15 12:56:00,2.1799,2.1799,2.1799,2.1799,1002
2022-02-15 12:55:00,2.17,2.17,2.17,2.17,647
2022-02-15 12:54:00,2.17,2.1701,2.17,2.1701,1246
2022-02-15 12:53:00,2.1791,2.18,2.17,2.17,3651
2022-02-15 12:52:00,2.18,2.18,2.18,2.18,112
2022-02-15 12:51:00,2.17,2.19,2.17,2.18,3804
2022-02-15 12:50:00,2.18,2.19,2.17,2.17,6145
2022-02-15 12:49:00,2.185,2.1899,2.185,2.185,768
2022-02-15 12:47:00,2.18,2.188,2.18,2.188,214
2022-02-15 12:46:00,2.18,2.1881,2.18,2.1881,969
2022-02-15 12:45:00,2.1897,2.1928,2.1897,2.1897,2836
2022-02-15 12:44:00,2.185,2.19,2.18,2.18,2545
2022-02-15 12:43:00,2.2,2.2,2.18,2.18,1926
2022-02-15 12:42:00,2.1992,2.2,2.19,2.19,1065
2022-02-15 12:41:00,2.208,2.21,2.185,2.19,8425
2022-02-15 12:40:00,2.2,2.21,2.2,2.209,3959
2022-02-15 12:39:00,2.2012,2.21,2.2,2.2032,6264
2022-02-15 12:38:00,2.205,2.21,2.2,2.2,10049
2022-02-15 12:37:00,2.208,2.22,2.2,2.205,25832
2022-02-15 12:36:00,2.2004,2.2065,2.1901,2.2065,15575
2022-02-15 12:35:00,2.19,2.2081,2.185,2.205,42705
2022-02-15 12:34:00,2.1899,2.2,2.185,2.185,8665
2022-02-15 12:33:00,2.1701,2.19,2.1701,2.185,10239
2022-02-15 12:32:00,2.17,2.18,2.17,2.175,3431
2022-02-15 12:31:00,2.1701,2.1701,2.17,2.17,433
2022-02-15 12:30:00,2.1709,2.1709,2.1709,2.1709,1000
2022-02-15 12:29:00,2.17,2.1799,2.17,2.1799,5937
2022-02-15 12:28:00,2.1701,2.175,2.1701,2.1701,7311
2022-02-15 12:27:00,2.1712,2.18,2.1701,2.175,5263
2022-02-15 12:26:00,2.165,2.1799,2.165,2.1703,10595
2022-02-15 12:25:00,2.1601,2.1601,2.1601,2.1601,602
2022-02-15 12:23:00,2.16,2.1699,2.16,2.1684,2255
2022-02-15 12:22:00,2.155,2.1634,2.1532,2.16,5850
2022-02-15 12:21:00,2.155,2.16,2.155,2.16,3709
2022-02-15 12:20:00,2.17,2.17,2.15,2.16,27823
2022-02-15 12:19:00,2.17,2.17,2.1698,2.1699,1727
2022-02-15 12:18:00,2.185,2.185,2.165,2.1698,9801
2022-02-15 12:17:00,2.16,2.2,2.16,2.19,45902
2022-02-15 12:16:00,2.16,2.16,2.1515,2.1515,801
2022-02-15 12:15:00,2.155,2.155,2.1501,2.1501,5200
2022-02-15 12:14:00,2.155,2.16,2.15,2.1595,2510
2022-02-15 12:13:00,2.1545,2.17,2.1545,2.155,14338
2022-02-15 12:12:00,2.155,2.16,2.15,2.16,9711
2022-02-15 12:11:00,2.1599,2.1599,2.15,2.15,3839
2022-02-15 12:10:00,2.1501,2.1588,2.1501,2.155,2466
2022-02-15 12:09:00,2.15,2.16,2.15,2.1507,1102
2022-02-15 12:08:00,2.1599,2.1599,2.1599,2.1599,4098
2022-02-15 12:07:00,2.1501,2.1501,2.1501,2.1501,409
2022-02-15 12:06:00,2.1599,2.1599,2.15,2.15,6254
2022-02-15 12:05:00,2.159,2.159,2.15,2.1589,12205
2022-02-15 12:04:00,2.16,2.16,2.15,2.1501,9022
2022-02-15 12:03:00,2.1501,2.16,2.15,2.155,11994
2022-02-15 12:02:00,2.185,2.1899,2.15,2.1599,35557
2022-02-15 12:01:00,2.1483,2.23,2.13,2.1901,156553
2022-02-15 12:00:00,2.1401,2.15,2.14,2.1401,21925
2022-02-15 11:59:00,2.1401,2.16,2.14,2.14,21228
2022-02-15 11:58:00,2.1401,2.15,2.1401,2.15,18176
2022-02-15 11:57:00,2.135,2.15,2.135,2.145,30227
2022-02-15 11:56:00,2.14,2.14,2.13,2.1305,45798
2022-02-15 11:55:00,2.165,2.17,2.13,2.1311,82522
2022-02-15 11:54:00,2.165,2.17,2.1601,2.17,3675
2022-02-15 11:53:00,2.17,2.17,2.1601,2.165,11664
2022-02-15 11:52:00,2.18,2.18,2.16,2.179,20679
2022-02-15 11:51:00,2.1798,2.18,2.175,2.1795,1862
2022-02-15 11:50:00,2.175,2.18,2.175,2.18,5642
2022-02-15 11:49:00,2.1799,2.19,2.1728,2.175,9542
2022-02-15 11:48:00,2.1633,2.1812,2.1633,2.1799,27839
2022-02-15 11:47:00,2.1635,2.17,2.16,2.165,6101
2022-02-15 11:46:00,2.16,2.165,2.16,2.165,972
2022-02-15 11:45:00,2.1665,2.1689,2.16,2.165,1718
2022-02-15 11:44:00,2.1601,2.1665,2.16,2.1665,2279
2022-02-15 11:43:00,2.1687,2.1695,2.16,2.16,7275
2022-02-15 11:42:00,2.1601,2.1696,2.16,2.1696,4379
2022-02-15 11:41:00,2.165,2.17,2.16,2.1601,9200
2022-02-15 11:40:00,2.1617,2.17,2.1617,2.165,5287
2022-02-15 11:39:00,2.16,2.17,2.16,2.16,7907
2022-02-15 11:38:00,2.1601,2.17,2.16,2.17,12042
2022-02-15 11:37:00,2.1691,2.17,2.16,2.16,41884
2022-02-15 11:36:00,2.17,2.18,2.16,2.165,23562
2022-02-15 11:35:00,2.1792,2.1799,2.1601,2.165,6432
2022-02-15 11:34:00,2.18,2.18,2.17,2.171,8551
2022-02-15 11:33:00,2.168,2.19,2.1677,2.18,10672
2022-02-15 11:32:00,2.205,2.22,2.16,2.17,49871
2022-02-15 11:31:00,2.1901,2.23,2.1901,2.2009,66838
2022-02-15 11:30:00,2.1529,2.2,2.1501,2.195,113858
2022-02-15 11:29:00,2.15,2.1599,2.15,2.1599,762
2022-02-15 11:28:00,2.16,2.16,2.1501,2.156,16377
2022-02-15 11:27:00,2.15,2.16,2.14,2.1518,47095
2022-02-15 11:26:00,2.16,2.16,2.14,2.14,19918
2022-02-15 11:25:00,2.1621,2.1621,2.16,2.16,1046
2022-02-15 11:24:00,2.1712,2.1712,2.16,2.16,27857
2022-02-15 11:23:00,2.1799,2.1799,2.17,2.17,6441
2022-02-15 11:22:00,2.1701,2.18,2.17,2.175,10918
2022-02-15 11:21:00,2.1706,2.1782,2.17,2.1782,5601
2022-02-15 11:20:00,2.1701,2.175,2.1701,2.175,1040
2022-02-15 11:19:00,2.1752,2.18,2.17,2.17,3094
2022-02-15 11:18:00,2.175,2.18,2.17,2.17,41852
2022-02-15 11:17:00,2.1799,2.18,2.1712,2.1785,5512
2022-02-15 11:16:00,2.165,2.19,2.16,2.1798,70176
2022-02-15 11:15:00,2.1603,2.1603,2.1603,2.1603,580
2022-02-15 11:14:00,2.1701,2.18,2.17,2.17,14986
2022-02-15 11:13:00,2.17,2.18,2.17,2.175,4701
2022-02-15 11:12:00,2.16,2.18,2.16,2.175,26313
2022-02-15 11:11:00,2.15,2.16,2.1497,2.16,15405
2022-02-15 11:10:00,2.1499,2.1592,2.14,2.14,8730
2022-02-15 11:09:00,2.1494,2.15,2.14,2.1482,17708
2022-02-15 11:08:00,2.1616,2.1616,2.14,2.14,35212
2022-02-15 11:07:00,2.165,2.165,2.16,2.161,12256
2022-02-15 11:06:00,2.1601,2.18,2.16,2.16,7452
2022-02-15 11:05:00,2.18,2.185,2.16,2.167,48013
2022-02-15 11:04:00,2.19,2.2,2.18,2.1801,40387
2022-02-15 11:03:00,2.18,2.19,2.18,2.19,5852
2022-02-15 11:02:00,2.1801,2.19,2.18,2.19,16286
2022-02-15 11:01:00,2.1899,2.19,2.18,2.1801,7903
2022-02-15 11:00:00,2.1801,2.1836,2.18,2.18,3958
2022-02-15 10:59:00,2.182,2.19,2.18,2.18,47637
2022-02-15 10:58:00,2.16,2.2,2.15,2.19,93498
2022-02-15 10:57:00,2.19,2.2,2.14,2.1683,114167
2022-02-15 10:56:00,2.15,2.2,2.1488,2.19,146680
2022-02-15 10:55:00,2.1301,2.15,2.1301,2.1499,54186
2022-02-15 10:54:00,2.1399,2.14,2.1309,2.135,19485
2022-02-15 10:53:00,2.1304,2.14,2.13,2.1301,18489
2022-02-15 10:52:00,2.136,2.15,2.13,2.135,35189
2022-02-15 10:51:00,2.13,2.14,2.13,2.1301,21916
2022-02-15 10:50:00,2.14,2.1405,2.13,2.14,47223
2022-02-15 10:49:00,2.155,2.16,2.14,2.1487,49220
2022-02-15 10:48:00,2.16,2.17,2.15,2.15,58379
2022-02-15 10:47:00,2.16,2.17,2.16,2.1601,18146
2022-02-15 10:46:00,2.16,2.17,2.16,2.1651,17533
2022-02-15 10:45:00,2.1601,2.17,2.16,2.165,19984
2022-02-15 10:44:00,2.17,2.17,2.16,2.16,59846
2022-02-15 10:43:00,2.15,2.17,2.15,2.1611,87344
2022-02-15 10:42:00,2.2,2.2,2.14,2.15,289950
2022-02-15 10:41:00,2.2201,2.23,2.18,2.1995,202108
2022-02-15 10:40:00,2.245,2.25,2.22,2.22,70470
2022-02-15 10:39:00,2.24,2.255,2.22,2.2406,139907
2022-02-15 10:38:00,2.23,2.24,2.2201,2.235,32369
2022-02-15 10:37:00,2.2399,2.24,2.2201,2.2209,19274
2022-02-15 10:36:00,2.21,2.24,2.21,2.23,65354
2022-02-15 10:35:00,2.22,2.2213,2.21,2.2101,25957
2022-02-15 10:34:00,2.225,2.24,2.21,2.2292,28878
2022-02-15 10:33:00,2.2181,2.24,2.2,2.235,88783
2022-02-15 10:32:00,2.2301,2.24,2.21,2.22,55084
2022-02-15 10:31:00,2.23,2.26,2.21,2.2398,231192
2022-02-15 10:30:00,2.22,2.23,2.2101,2.2267,63814
2022-02-15 10:29:00,2.21,2.22,2.18,2.2001,48126
2022-02-15 10:28:00,2.1697,2.23,2.1601,2.21,119336
2022-02-15 10:27:00,2.1801,2.19,2.16,2.1698,67226
2022-02-15 10:26:00,2.19,2.2,2.18,2.1845,34806
2022-02-15 10:25:00,2.1802,2.2,2.18,2.1907,46149
2022-02-15 10:24:00,2.1687,2.2,2.16,2.1801,97111
2022-02-15 10:23:00,2.2289,2.2289,2.16,2.165,151813
2022-02-15 10:22:00,2.23,2.24,2.22,2.22,28477
2022-02-15 10:21:00,2.23,2.24,2.2201,2.24,19358
2022-02-15 10:20:00,2.26,2.26,2.2,2.2239,107221
2022-02-15 10:19:00,2.25,2.27,2.2401,2.26,145016
2022-02-15 10:18:00,2.245,2.25,2.24,2.25,39696
2022-02-15 10:17:00,2.2106,2.25,2.2106,2.2487,47386
2022-02-15 10:16:00,2.23,2.25,2.21,2.21,92087
2022-02-15 10:15:00,2.235,2.26,2.1981,2.2272,116828
2022-02-15 10:14:00,2.1987,2.28,2.195,2.2399,271037
2022-02-15 10:13:00,2.2101,2.24,2.1797,2.19,65501
2022-02-15 10:12:00,2.2291,2.25,2.17,2.22,167856
2022-02-15 10:11:00,2.2,2.23,2.2,2.2295,68949
2022-02-15 10:10:00,2.22,2.22,2.19,2.2001,58424
2022-02-15 10:09:00,2.1999,2.22,2.19,2.21,123049
2022-02-15 10:08:00,2.17,2.22,2.1601,2.195,154379
2022-02-15 10:07:00,2.15,2.19,2.14,2.17,62688
2022-02-15 10:06:00,2.19,2.2,2.14,2.1401,139667
2022-02-15 10:05:00,2.1484,2.2,2.14,2.1999,102555
2022-02-15 10:04:00,2.1469,2.16,2.14,2.149,94901
2022-02-15 10:03:00,2.17,2.18,2.13,2.15,226458
2022-02-15 10:02:00,2.27,2.27,2.16,2.1794,235901
2022-02-15 10:01:00,2.2392,2.29,2.235,2.2681,348987
2022-02-15 10:00:00,2.245,2.3,2.21,2.235,423543
2022-02-15 09:59:00,2.185,2.25,2.18,2.2493,203465
2022-02-15 09:58:00,2.1831,2.19,2.18,2.185,30575
2022-02-15 09:57:00,2.1806,2.19,2.18,2.1801,46961
2022-02-15 09:56:00,2.16,2.2,2.16,2.185,44894
2022-02-15 09:55:00,2.1292,2.1794,2.12,2.165,75323
2022-02-15 09:54:00,2.1819,2.19,2.12,2.13,126278
2022-02-15 09:53:00,2.19,2.19,2.18,2.1801,33105
2022-02-15 09:52:00,2.195,2.2,2.18,2.19,43943
2022-02-15 09:51:00,2.2,2.2,2.19,2.195,25641
2022-02-15 09:50:00,2.22,2.22,2.18,2.19,128647
2022-02-15 09:49:00,2.1701,2.23,2.17,2.215,252530
2022-02-15 09:48:00,2.15,2.18,2.1401,2.1732,181653
2022-02-15 09:47:00,2.12,2.15,2.11,2.15,153584
2022-02-15 09:46:00,2.15,2.16,2.11,2.1199,320147
2022-02-15 09:45:00,2.1612,2.18,2.15,2.1525,150633
2022-02-15 09:44:00,2.1899,2.19,2.15,2.165,273407
2022-02-15 09:43:00,2.2001,2.21,2.17,2.19,190506
2022-02-15 09:42:00,2.21,2.21,2.2,2.205,148428
2022-02-15 09:41:00,2.18,2.26,2.17,2.21,586477
2022-02-15 09:40:00,2.29,2.2998,2.17,2.1707,603220
2022-02-15 09:39:00,2.3301,2.34,2.29,2.29,487585
2022-02-15 09:38:00,2.26,2.35,2.26,2.3389,663704
2022-02-15 09:37:00,2.2,2.28,2.18,2.2687,496739
2022-02-15 09:36:00,2.17,2.2,2.15,2.1999,240074
2022-02-15 09:35:00,2.1801,2.21,2.18,2.18,165061
2022-02-15 09:34:00,2.21,2.21,2.18,2.185,145313
2022-02-15 09:33:00,2.235,2.24,2.18,2.2097,292401
2022-02-15 09:32:00,2.23,2.24,2.2,2.235,283123
2022-02-15 09:31:00,2.27,2.29,2.22,2.23,659608
2022-02-15 09:30:00,2.27,2.27,2.26,2.26,13155
2022-02-15 09:29:00,2.26,2.27,2.26,2.2699,19297
2022-02-15 09:28:00,2.27,2.27,2.26,2.27,23572
2022-02-15 09:27:00,2.26,2.27,2.26,2.27,5574
2022-02-15 09:26:00,2.27,2.27,2.26,2.27,7772
2022-02-15 09:25:00,2.26,2.27,2.26,2.27,3676
2022-02-15 09:24:00,2.26,2.27,2.26,2.265,2605
2022-02-15 09:23:00,2.27,2.27,2.26,2.26,1862
2022-02-15 09:22:00,2.26,2.27,2.26,2.26,14500
2022-02-15 09:21:00,2.28,2.29,2.28,2.28,4538
2022-02-15 09:20:00,2.29,2.29,2.28,2.28,12783
2022-02-15 09:19:00,2.29,2.29,2.29,2.29,1474
2022-02-15 09:18:00,2.29,2.29,2.28,2.29,5449
2022-02-15 09:17:00,2.2801,2.29,2.28,2.29,7604
2022-02-15 09:16:00,2.28,2.29,2.28,2.28,4070
2022-02-15 09:15:00,2.2599,2.28,2.25,2.28,36224
2022-02-15 09:14:00,2.28,2.28,2.26,2.26,15431
2022-02-15 09:13:00,2.28,2.28,2.27,2.28,2145
2022-02-15 09:12:00,2.27,2.28,2.27,2.27,12117
2022-02-15 09:11:00,2.28,2.285,2.27,2.27,13298
2022-02-15 09:10:00,2.28,2.29,2.28,2.29,8403
2022-02-15 09:09:00,2.28,2.29,2.28,2.29,3005
2022-02-15 09:08:00,2.28,2.29,2.28,2.29,11214
2022-02-15 09:07:00,2.3,2.3,2.25,2.28,33429
2022-02-15 09:06:00,2.31,2.31,2.3,2.31,13303
2022-02-15 09:05:00,2.32,2.32,2.31,2.31,19317
2022-02-15 09:04:00,2.31,2.33,2.3,2.32,21848
2022-02-15 09:03:00,2.36,2.36,2.3,2.31,79120
2022-02-15 09:02:00,2.3201,2.36,2.3201,2.3599,85330
2022-02-15 09:01:00,2.31,2.34,2.3,2.3201,28015
2022-02-15 09:00:00,2.3,2.31,2.3,2.31,6605
2022-02-15 08:59:00,2.29,2.3,2.29,2.29,9210
2022-02-15 08:58:00,2.29,2.3,2.29,2.3,4556
2022-02-15 08:57:00,2.3,2.3,2.29,2.29,810
2022-02-15 08:56:00,2.28,2.3,2.28,2.2999,12732
2022-02-15 08:55:00,2.28,2.29,2.28,2.29,6294
2022-02-15 08:54:00,2.28,2.29,2.27,2.2899,14778
2022-02-15 08:53:00,2.29,2.3,2.28,2.28,16205
2022-02-15 08:52:00,2.3,2.3,2.29,2.3,6502
2022-02-15 08:51:00,2.31,2.3101,2.31,2.31,2398
2022-02-15 08:50:00,2.31,2.32,2.31,2.31,10877
2022-02-15 08:49:00,2.29,2.31,2.29,2.3,13415
2022-02-15 08:48:00,2.32,2.32,2.26,2.3,29431
2022-02-15 08:47:00,2.31,2.32,2.31,2.32,10356
2022-02-15 08:46:00,2.32,2.32,2.31,2.32,11135
2022-02-15 08:45:00,2.31,2.32,2.3,2.32,4251
2022-02-15 08:44:00,2.33,2.33,2.31,2.31,5735
2022-02-15 08:43:00,2.31,2.34,2.29,2.32,28252
2022-02-15 08:42:00,2.31,2.32,2.3,2.3,16587
2022-02-15 08:41:00,2.31,2.32,2.31,2.32,13084
2022-02-15 08:40:00,2.32,2.33,2.3,2.3,36639
2022-02-15 08:39:00,2.3,2.34,2.3,2.32,65712
2022-02-15 08:38:00,2.3,2.3,2.29,2.3,14870
2022-02-15 08:37:00,2.29,2.3,2.27,2.3,20167
2022-02-15 08:36:00,2.31,2.31,2.29,2.29,24342
2022-02-15 08:35:00,2.31,2.31,2.3,2.3,33860
2022-02-15 08:34:00,2.31,2.32,2.3,2.309,16130
2022-02-15 08:33:00,2.3,2.33,2.29,2.32,59599
2022-02-15 08:32:00,2.28,2.31,2.28,2.29,49866
2022-02-15 08:31:00,2.27,2.28,2.26,2.28,20682
2022-02-15 08:30:00,2.3,2.3,2.265,2.27,31776
2022-02-15 08:29:00,2.27,2.3,2.2699,2.29,31440
2022-02-15 08:28:00,2.26,2.27,2.26,2.2699,17828
2022-02-15 08:27:00,2.25,2.27,2.25,2.26,34785
2022-02-15 08:26:00,2.26,2.26,2.25,2.25,28594
2022-02-15 08:25:00,2.24,2.26,2.24,2.25,15180
2022-02-15 08:24:00,2.24,2.25,2.23,2.25,34590
2022-02-15 08:23:00,2.27,2.27,2.23,2.24,74360
2022-02-15 08:22:00,2.24,2.28,2.23,2.26,83214
2022-02-15 08:21:00,2.28,2.3,2.23,2.24,119816
2022-02-15 08:20:00,2.35,2.35,2.28,2.28,161407
2022-02-15 08:19:00,2.36,2.36,2.32,2.35,70553
2022-02-15 08:18:00,2.29,2.37,2.29,2.36,68672
2022-02-15 08:17:00,2.3,2.33,2.28,2.28,64379
2022-02-15 08:16:00,2.29,2.31,2.29,2.3,28922
2022-02-15 08:15:00,2.28,2.28,2.26,2.28,36997
2022-02-15 08:14:00,2.285,2.29,2.28,2.29,50349
2022-02-15 08:13:00,2.3,2.305,2.28,2.29,27525
2022-02-15 08:12:00,2.295,2.33,2.28,2.3,73448
2022-02-15 08:11:00,2.28,2.3,2.27,2.29,29038
2022-02-15 08:10:00,2.29,2.3,2.28,2.2899,15616
2022-02-15 08:09:00,2.295,2.295,2.27,2.29,21521
2022-02-15 08:08:00,2.29,2.3,2.26,2.3,43062
2022-02-15 08:07:00,2.31,2.34,2.29,2.29,97860
2022-02-15 08:06:00,2.25,2.32,2.25,2.32,99081
2022-02-15 08:05:00,2.24,2.28,2.24,2.2501,54126
2022-02-15 08:04:00,2.22,2.27,2.22,2.23,37687
2022-02-15 08:03:00,2.21,2.24,2.21,2.22,19626
2022-02-15 08:02:00,2.19,2.22,2.19,2.2101,34065
2022-02-15 08:01:00,2.2,2.29,2.06,2.2,229890
2022-02-15 08:00:00,2.2,2.2,2.18,2.2,7611
2022-02-15 07:59:00,2.205,2.21,2.2,2.2,8866
2022-02-15 07:58:00,2.189,2.21,2.189,2.21,30833
2022-02-15 07:57:00,2.24,2.24,2.18,2.19,50831
2022-02-15 07:56:00,2.24,2.28,2.23,2.24,32793
2022-02-15 07:55:00,2.22,2.29,2.22,2.25,60049
2022-02-15 07:54:00,2.23,2.24,2.22,2.24,4975
2022-02-15 07:53:00,2.23,2.25,2.21,2.23,19451
2022-02-15 07:52:00,2.21,2.24,2.21,2.24,12797
2022-02-15 07:51:00,2.21,2.22,2.209,2.22,7553
2022-02-15 07:50:00,2.22,2.22,2.2,2.21,11219
2022-02-15 07:49:00,2.21,2.21,2.18,2.21,24549
2022-02-15 07:48:00,2.25,2.25,2.15,2.21,23122
2022-02-15 07:47:00,2.22,2.24,2.2,2.24,25323
2022-02-15 07:46:00,2.2,2.23,2.18,2.22,13342
2022-02-15 07:45:00,2.17,2.2,2.155,2.2,22818
2022-02-15 07:44:00,2.18,2.18,2.17,2.17,4160
2022-02-15 07:43:00,2.19,2.25,2.18,2.19,9930
2022-02-15 07:42:00,2.19,2.23,2.18,2.18,48853
2022-02-15 07:41:00,2.17,2.21,2.17,2.19,33431
2022-02-15 07:40:00,2.14,2.17,2.14,2.17,15285
2022-02-15 07:39:00,2.14,2.14,2.13,2.13,1887
2022-02-15 07:38:00,2.13,2.14,2.12,2.14,7275
2022-02-15 07:37:00,2.11,2.13,2.1,2.13,8159
2022-02-15 07:36:00,2.11,2.11,2.09,2.11,15069
2022-02-15 07:34:00,2.11,2.13,2.11,2.13,4035
2022-02-15 07:33:00,2.11,2.11,2.11,2.11,2205
2022-02-15 07:32:00,2.11,2.11,2.1,2.1,1346
2022-02-15 07:31:00,2.11,2.11,2.1,2.11,3195
2022-02-15 07:30:00,2.13,2.13,2.07,2.11,28186
2022-02-15 07:29:00,2.15,2.16,2.131,2.131,5918
2022-02-15 07:28:00,2.14,2.15,2.14,2.15,1554
2022-02-15 07:26:00,2.16,2.16,2.13,2.14,3006
2022-02-15 07:25:00,2.13,2.16,2.13,2.16,2902
2022-02-15 07:24:00,2.16,2.16,2.1,2.11,15112
2022-02-15 07:23:00,2.13,2.15,2.13,2.15,3934
2022-02-15 07:22:00,2.13,2.15,2.13,2.14,3206
2022-02-15 07:21:00,2.14,2.14,2.13,2.13,3123
2022-02-15 07:20:00,2.16,2.16,2.13,2.15,5365
2022-02-15 07:19:00,2.12,2.17,2.12,2.17,18626
2022-02-15 07:18:00,2.12,2.15,2.12,2.12,17034
2022-02-15 07:17:00,2.15,2.15,2.13,2.13,1422
2022-02-15 07:16:00,2.17,2.21,2.11,2.15,27225
2022-02-15 07:15:00,2.13,2.17,2.06,2.17,25105
2022-02-15 07:14:00,2.15,2.16,2.13,2.13,8337
2022-02-15 07:13:00,2.18,2.18,2.15,2.16,16636
2022-02-15 07:12:00,2.2,2.2,2.15,2.18,20087
2022-02-15 07:11:00,2.08,2.22,2.08,2.2,27692
2022-02-15 07:10:00,2.07,2.11,2.06,2.07,10332
2022-02-15 07:09:00,2.07,2.07,2.06,2.07,7211
2022-02-15 07:08:00,2.07,2.07,2.07,2.07,4902
2022-02-15 07:07:00,2.06,2.07,2.06,2.06,1960
2022-02-15 07:06:00,2.07,2.07,2.06,2.06,3007
2022-02-15 07:05:00,2.06,2.07,2.06,2.06,3654
2022-02-15 07:04:00,2.07,2.07,2.061,2.061,2560
2022-02-15 07:03:00,2.08,2.08,2.08,2.08,2323
2022-02-15 07:02:00,2.08,2.08,2.08,2.08,6731
2022-02-15 07:01:00,2.09,2.09,2.07,2.07,4861
2022-02-15 07:00:00,2.08,2.08,2.08,2.08,1115
2022-02-15 06:59:00,2.07,2.07,2.07,2.07,541
2022-02-15 06:57:00,2.08,2.08,2.07,2.07,452
2022-02-15 06:56:00,2.08,2.08,2.08,2.08,988
2022-02-15 06:55:00,2.08,2.08,2.07,2.08,1304
2022-02-15 06:54:00,2.09,2.09,2.09,2.09,295
2022-02-15 06:53:00,2.09,2.09,2.09,2.09,778
2022-02-15 06:52:00,2.1,2.1,2.1,2.1,426
2022-02-15 06:51:00,2.1,2.12,2.1,2.12,1698
2022-02-15 06:50:00,2.08,2.1,2.08,2.1,1168
2022-02-15 06:47:00,2.09,2.09,2.08,2.08,1418
2022-02-15 06:45:00,2.09,2.09,2.09,2.09,203
2022-02-15 06:44:00,2.08,2.08,2.08,2.08,455
2022-02-15 06:42:00,2.08,2.08,2.08,2.08,163
2022-02-15 06:41:00,2.1,2.1,2.1,2.1,287
2022-02-15 06:39:00,2.08,2.09,2.08,2.09,804
2022-02-15 06:38:00,2.08,2.08,2.08,2.08,397
2022-02-15 06:36:00,2.08,2.09,2.08,2.09,660
2022-02-15 06:35:00,2.1,2.1,2.1,2.1,210
2022-02-15 06:34:00,2.11,2.12,2.11,2.11,2223
2022-02-15 06:33:00,2.09,2.11,2.09,2.11,13794
2022-02-15 06:32:00,2.08,2.09,2.08,2.09,1084
2022-02-15 06:31:00,2.09,2.1,2.08,2.08,2260
2022-02-15 06:29:00,2.1,2.1,2.1,2.1,514
2022-02-15 06:28:00,2.09,2.09,2.09,2.09,774
2022-02-15 06:27:00,2.1,2.1,2.1,2.1,873
2022-02-15 06:26:00,2.09,2.1,2.09,2.1,1537
2022-02-15 06:25:00,2.1,2.1,2.1,2.1,1093
2022-02-15 06:24:00,2.07,2.1,2.07,2.1,3430
2022-02-15 06:23:00,2.07,2.07,2.06,2.07,1984
2022-02-15 06:22:00,2.08,2.09,2.07,2.07,2078
2022-02-15 06:21:00,2.11,2.11,2.09,2.09,4051
2022-02-15 06:20:00,2.12,2.12,2.11,2.11,904
2022-02-15 06:18:00,2.12,2.12,2.12,2.12,751
2022-02-15 06:17:00,2.12,2.12,2.12,2.12,1095
2022-02-15 06:16:00,2.12,2.12,2.12,2.12,340
2022-02-15 06:15:00,2.12,2.12,2.11,2.12,4715
2022-02-15 06:14:00,2.1,2.12,2.1,2.11,812
2022-02-15 06:13:00,2.11,2.11,2.1,2.1,3226
2022-02-15 06:12:00,2.09,2.11,2.09,2.11,2389
2022-02-15 06:11:00,2.06,2.1,2.05,2.1,4948
2022-02-15 06:10:00,2.09,2.09,2.06,2.06,4489
2022-02-15 06:09:00,2.1,2.1,2.06,2.07,8879
2022-02-15 06:08:00,2.11,2.11,2.1,2.1,2694
2022-02-15 06:07:00,2.13,2.13,2.11,2.11,3133
2022-02-15 06:06:00,2.13,2.14,2.13,2.13,2530
2022-02-15 06:04:00,2.13,2.13,2.13,2.13,2369
2022-02-15 06:03:00,2.11,2.14,2.1,2.13,19544
2022-02-15 06:02:00,2.18,2.18,2.12,2.12,10082
2022-02-15 06:01:00,2.19,2.19,2.19,2.19,229
2022-02-15 05:59:00,2.18,2.18,2.18,2.18,2426
2022-02-15 05:56:00,2.19,2.19,2.19,2.19,1000
2022-02-15 05:55:00,2.18,2.19,2.18,2.19,325
2022-02-15 05:54:00,2.2,2.2,2.19,2.19,345
2022-02-15 05:53:00,2.19,2.2,2.19,2.2,601
2022-02-15 05:52:00,2.19,2.19,2.19,2.19,304
2022-02-15 05:51:00,2.17,2.17,2.17,2.17,839
2022-02-15 05:50:00,2.18,2.18,2.18,2.18,2548
2022-02-15 05:49:00,2.19,2.19,2.18,2.19,957
2022-02-15 05:48:00,2.19,2.19,2.19,2.19,3586
2022-02-15 05:47:00,2.19,2.2,2.18,2.19,845
2022-02-15 05:46:00,2.16,2.18,2.16,2.18,3122
2022-02-15 05:45:00,2.16,2.16,2.15,2.15,749
2022-02-15 05:44:00,2.17,2.17,2.16,2.16,2038
2022-02-15 05:43:00,2.18,2.18,2.16,2.17,1031
2022-02-15 05:42:00,2.19,2.19,2.18,2.18,5415
2022-02-15 05:41:00,2.19,2.19,2.18,2.19,1649
2022-02-15 05:40:00,2.21,2.21,2.19,2.19,1759
2022-02-15 05:38:00,2.22,2.22,2.2,2.2,803
2022-02-15 05:37:00,2.22,2.22,2.2,2.21,3335
2022-02-15 05:36:00,2.22,2.22,2.21,2.21,1196
2022-02-15 05:35:00,2.23,2.23,2.22,2.22,909
2022-02-15 05:34:00,2.23,2.23,2.22,2.23,1100
2022-02-15 05:33:00,2.23,2.23,2.23,2.23,759
2022-02-15 05:32:00,2.23,2.23,2.23,2.23,1235
2022-02-15 05:31:00,2.23,2.23,2.23,2.23,246
2022-02-15 05:29:00,2.23,2.24,2.23,2.24,301
2022-02-15 05:28:00,2.23,2.23,2.21,2.23,1111
2022-02-15 05:27:00,2.23,2.23,2.21,2.21,700
2022-02-15 05:26:00,2.23,2.23,2.23,2.23,261
2022-02-15 05:25:00,2.23,2.23,2.23,2.23,382
2022-02-15 05:23:00,2.23,2.23,2.22,2.22,1563
2022-02-15 05:22:00,2.21,2.25,2.21,2.24,1739
2022-02-15 05:21:00,2.2,2.21,2.19,2.2,3733
2022-02-15 05:20:00,2.21,2.21,2.14,2.19,30359
2022-02-15 05:19:00,2.26,2.28,2.23,2.23,3314
2022-02-15 05:18:00,2.29,2.29,2.29,2.29,267
2022-02-15 05:16:00,2.29,2.29,2.29,2.29,786
2022-02-15 05:15:00,2.3,2.3,2.29,2.29,341
2022-02-15 05:14:00,2.28,2.28,2.28,2.28,201
2022-02-15 05:13:00,2.27,2.28,2.27,2.28,550
2022-02-15 05:12:00,2.28,2.28,2.28,2.28,260
2022-02-15 05:10:00,2.3,2.3,2.29,2.29,1052
2022-02-15 05:09:00,2.28,2.28,2.28,2.28,573
2022-02-15 05:08:00,2.28,2.28,2.28,2.28,700
2022-02-15 05:06:00,2.27,2.27,2.27,2.27,267
2022-02-15 05:05:00,2.25,2.27,2.25,2.27,926
2022-02-15 05:04:00,2.25,2.25,2.25,2.25,724
2022-02-15 05:03:00,2.26,2.27,2.25,2.27,881
2022-02-15 05:02:00,2.26,2.27,2.24,2.27,2203
2022-02-15 05:00:00,2.31,2.31,2.29,2.29,4391
2022-02-15 04:59:00,2.3,2.31,2.3,2.31,953
2022-02-15 04:58:00,2.31,2.31,2.31,2.31,690
2022-02-15 04:57:00,2.3,2.31,2.3,2.31,1664
2022-02-15 04:56:00,2.3,2.31,2.3,2.3,2760
2022-02-15 04:55:00,2.29,2.31,2.29,2.3,2383
2022-02-15 04:54:00,2.31,2.31,2.28,2.28,4219
2022-02-15 04:53:00,2.26,2.29,2.25,2.29,3084
2022-02-15 04:52:00,2.24,2.25,2.24,2.25,2467
2022-02-15 04:51:00,2.24,2.25,2.22,2.22,3339
2022-02-15 04:47:00,2.25,2.25,2.25,2.25,502
2022-02-15 04:45:00,2.24,2.27,2.24,2.27,1569
2022-02-15 04:44:00,2.26,2.26,2.25,2.25,1157
2022-02-15 04:43:00,2.26,2.26,2.25,2.26,812
2022-02-15 04:42:00,2.27,2.28,2.27,2.28,1475
2022-02-15 04:41:00,2.27,2.27,2.27,2.27,506
2022-02-15 04:40:00,2.27,2.27,2.25,2.26,908
2022-02-15 04:39:00,2.25,2.25,2.24,2.24,590
2022-02-15 04:37:00,2.26,2.26,2.26,2.26,755
2022-02-15 04:36:00,2.24,2.26,2.23,2.23,3490
2022-02-15 04:35:00,2.26,2.26,2.25,2.25,1191
2022-02-15 04:34:00,2.24,2.26,2.24,2.26,1746
2022-02-15 04:33:00,2.24,2.25,2.24,2.24,1069
2022-02-15 04:32:00,2.27,2.27,2.24,2.24,2165
2022-02-15 04:31:00,2.24,2.27,2.24,2.27,3147
2022-02-15 04:30:00,2.24,2.25,2.2,2.24,9604
2022-02-15 04:29:00,2.29,2.3,2.22,2.23,7721
2022-02-15 04:28:00,2.3,2.3,2.3,2.3,392
2022-02-15 04:27:00,2.32,2.32,2.3,2.32,1809
2022-02-15 04:26:00,2.28,2.32,2.28,2.31,2263
2022-02-15 04:25:00,2.3,2.31,2.25,2.26,6605
2022-02-15 04:24:00,2.35,2.36,2.34,2.34,4726
2022-02-15 04:23:00,2.3,2.35,2.3,2.35,5734
2022-02-15 04:22:00,2.3,2.3,2.29,2.3,4055
2022-02-15 04:21:00,2.34,2.34,2.3,2.31,4069
2022-02-15 04:20:00,2.37,2.38,2.35,2.35,11441
2022-02-15 04:19:00,2.33,2.38,2.33,2.38,11110
2022-02-15 04:18:00,2.31,2.34,2.31,2.33,5865
2022-02-15 04:17:00,2.39,2.39,2.31,2.31,7327
2022-02-15 04:16:00,2.39,2.39,2.38,2.39,5981
2022-02-15 04:15:00,2.41,2.43,2.39,2.4,6311
2022-02-15 04:14:00,2.36,2.43,2.36,2.4,17798
2022-02-15 04:13:00,2.4,2.42,2.33,2.35,16173
2022-02-15 04:12:00,2.47,2.47,2.35,2.38,14793
2022-02-15 04:11:00,2.27,2.5,2.27,2.47,27874
2022-02-15 04:10:00,2.32,2.35,2.2,2.3,17725
2022-02-15 04:09:00,2.37,2.39,2.3,2.3,32783
2022-02-15 04:08:00,2.43,2.7,2.38,2.38,58086
2022-02-15 04:07:00,2.2,2.47,2.19,2.45,58752
2022-02-15 04:06:00,2.1,2.2,2.1,2.19,12300
2022-02-15 04:05:00,2.24,2.24,2.1,2.1,1323
2022-02-15 04:04:00,2.19,2.2,2.1,2.1,1625
2022-02-15 04:03:00,2.2,2.22,2.2,2.2,805
2022-02-15 04:02:00,2.21,2.22,2.2,2.2,629
2022-02-15 04:01:00,2.24,2.24,2.24,2.24,341
2022-02-14 20:00:00,2.2201,2.23,2.2201,2.23,2456
2022-02-14 19:59:00,2.23,2.23,2.2201,2.2201,3999
2022-02-14 19:58:00,2.21,2.23,2.21,2.23,5703
2022-02-14 19:57:00,2.2001,2.2001,2.2001,2.2001,1632
2022-02-14 19:56:00,2.2,2.2,2.2,2.2,1361
2022-02-14 19:55:00,2.2,2.2,2.2,2.2,650
2022-02-14 19:54:00,2.19,2.19,2.19,2.19,475
2022-02-14 19:53:00,2.19,2.19,2.19,2.19,545
2022-02-14 19:47:00,2.2,2.2,2.2,2.2,545
2022-02-14 19:42:00,2.2,2.2,2.18,2.18,277
2022-02-14 19:39:00,2.23,2.23,2.23,2.23,664
2022-02-14 19:38:00,2.23,2.23,2.23,2.23,124
2022-02-14 19:33:00,2.2001,2.2001,2.2001,2.2001,500
2022-02-14 19:32:00,2.2001,2.2001,2.2001,2.2001,500
2022-02-14 19:28:00,2.21,2.21,2.21,2.21,2000
2022-02-14 19:27:00,2.21,2.21,2.21,2.21,2000
2022-02-14 19:22:00,2.22,2.22,2.22,2.22,202
2022-02-14 19:21:00,2.22,2.22,2.22,2.22,300
2022-02-14 19:20:00,2.22,2.22,2.22,2.22,101
2022-02-14 19:19:00,2.22,2.22,2.22,2.22,200
2022-02-14 19:14:00,2.23,2.23,2.23,2.23,200
2022-02-14 19:05:00,2.2,2.2,2.2,2.2,1688
2022-02-14 19:04:00,2.2,2.2,2.2,2.2,1000
2022-02-14 19:00:00,2.19,2.19,2.19,2.19,130
2022-02-14 18:59:00,2.2,2.2,2.2,2.2,1770
2022-02-14 18:57:00,2.19,2.19,2.19,2.19,551
2022-02-14 18:54:00,2.19,2.2,2.19,2.2,850
2022-02-14 18:49:00,2.2,2.2,2.2,2.2,500
2022-02-14 18:47:00,2.16,2.16,2.16,2.16,275
2022-02-14 18:43:00,2.15,2.15,2.15,2.15,1998
2022-02-14 18:42:00,2.18,2.18,2.18,2.18,152
2022-02-14 18:28:00,2.16,2.16,2.16,2.16,150
2022-02-14 18:24:00,2.19,2.19,2.19,2.19,200
2022-02-14 18:22:00,2.2,2.2,2.2,2.2,981
2022-02-14 18:20:00,2.18,2.18,2.18,2.18,208
2022-02-14 18:17:00,2.1999,2.1999,2.1999,2.1999,2624
2022-02-14 18:10:00,2.18,2.18,2.18,2.18,421
2022-02-14 18:00:00,2.14,2.14,2.14,2.14,400
2022-02-14 17:58:00,2.16,2.16,2.16,2.16,909
2022-02-14 17:56:00,2.1,2.1,2.1,2.1,310
2022-02-14 17:55:00,2.16,2.16,2.16,2.16,200
2022-02-14 17:52:00,2.11,2.11,2.1,2.1,1681
2022-02-14 17:50:00,2.14,2.14,2.11,2.11,3115
2022-02-14 17:49:00,2.11,2.11,2.11,2.11,500
2022-02-14 17:48:00,2.14,2.14,2.14,2.14,143
2022-02-14 17:47:00,2.14,2.14,2.12,2.12,655
2022-02-14 17:45:00,2.15,2.18,2.15,2.18,345
2022-02-14 17:39:00,2.18,2.18,2.16,2.17,3228
2022-02-14 17:34:00,2.1801,2.1801,2.1801,2.1801,160
2022-02-14 17:33:00,2.1801,2.1801,2.1801,2.1801,900
2022-02-14 17:32:00,2.19,2.2,2.19,2.2,1469
2022-02-14 17:31:00,2.18,2.18,2.18,2.18,3596
2022-02-14 17:27:00,2.18,2.2,2.18,2.2,3103
2022-02-14 17:26:00,2.2101,2.2101,2.21,2.21,600
2022-02-14 17:22:00,2.19,2.21,2.19,2.21,242
2022-02-14 17:21:00,2.2,2.2,2.2,2.2,200
2022-02-14 17:20:00,2.2,2.2,2.2,2.2,100
2022-02-14 17:18:00,2.23,2.23,2.23,2.23,100
2022-02-14 17:13:00,2.23,2.23,2.23,2.23,110
2022-02-14 17:12:00,2.23,2.23,2.23,2.23,1401
2022-02-14 17:10:00,2.18,2.18,2.18,2.18,662
2022-02-14 17:09:00,2.19,2.19,2.19,2.19,123
2022-02-14 17:06:00,2.22,2.22,2.2,2.2,592
2022-02-14 17:04:00,2.2,2.2,2.18,2.18,2000
2022-02-14 17:02:00,2.18,2.18,2.18,2.18,485
2022-02-14 17:00:00,2.2,2.2,2.195,2.2,7859
2022-02-14 16:58:00,2.18,2.2,2.18,2.2,1131
2022-02-14 16:57:00,2.19,2.19,2.19,2.19,425
2022-02-14 16:56:00,2.18,2.19,2.18,2.18,1711
2022-02-14 16:55:00,2.18,2.18,2.18,2.18,1031
2022-02-14 16:54:00,2.21,2.21,2.2,2.2,1307
2022-02-14 16:52:00,2.21,2.21,2.2,2.21,2595
2022-02-14 16:51:00,2.22,2.22,2.22,2.22,429
2022-02-14 16:50:00,2.22,2.22,2.21,2.21,4233
2022-02-14 16:49:00,2.23,2.23,2.225,2.225,2304
2022-02-14 16:48:00,2.23,2.23,2.23,2.23,1283
2022-02-14 16:47:00,2.23,2.23,2.23,2.23,1561
2022-02-14 16:44:00,2.22,2.22,2.22,2.22,1311
2022-02-14 16:43:00,2.23,2.23,2.22,2.22,2953
2022-02-14 16:42:00,2.2,2.23,2.2,2.23,3698
2022-02-14 16:41:00,2.19,2.2,2.19,2.19,2861
2022-02-14 16:40:00,2.21,2.23,2.21,2.23,1363
2022-02-14 16:39:00,2.19,2.21,2.19,2.21,792
2022-02-14 16:38:00,2.2099,2.25,2.2099,2.21,1944
2022-02-14 16:37:00,2.1601,2.21,2.1601,2.21,2349
2022-02-14 16:36:00,2.16,2.16,2.14,2.16,12987
2022-02-14 16:35:00,2.2,2.2,2.16,2.17,9371
2022-02-14 16:34:00,2.2,2.22,2.175,2.22,28733
2022-02-14 16:33:00,2.275,2.275,2.19,2.19,12067
2022-02-14 16:32:00,2.31,2.31,2.27,2.28,4463
2022-02-14 16:31:00,2.2701,2.2701,2.2701,2.2701,5001
2022-02-14 16:30:00,2.29,2.34,2.26,2.3201,18792
2022-02-14 16:29:00,2.3,2.3,2.29,2.29,1485
2022-02-14 16:28:00,2.29,2.32,2.29,2.29,1703
2022-02-14 16:27:00,2.29,2.29,2.26,2.29,4616
2022-02-14 16:26:00,2.32,2.32,2.24,2.26,10849
2022-02-14 16:25:00,2.295,2.32,2.27,2.28,11501
2022-02-14 16:24:00,2.29,2.34,2.29,2.32,18366
2022-02-14 16:23:00,2.24,2.29,2.24,2.29,16045
2022-02-14 16:22:00,2.33,2.33,2.2399,2.2399,25786
2022-02-14 16:21:00,2.45,2.45,2.33,2.34,14675
2022-02-14 16:20:00,2.33,2.45,2.32,2.45,7048
2022-02-14 16:19:00,2.3,2.35,2.27,2.34,17318
2022-02-14 16:18:00,2.4,2.4,2.3,2.3,16532
2022-02-14 16:17:00,2.33,2.45,2.27,2.36,35096
2022-02-14 16:16:00,2.2,2.38,2.2,2.38,34480
2022-02-14 16:15:00,2.57,2.62,2.12,2.2,35074
2022-02-14 16:14:00,2.03,2.57,2.03,2.57,23585
2022-02-14 16:13:00,1.89,1.89,1.89,1.89,660
2022-02-14 16:12:00,1.89,1.89,1.89,1.89,515
2022-02-14 16:10:00,1.8199,1.82,1.8199,1.82,1201
2022-02-14 16:09:00,1.82,1.82,1.82,1.82,353
2022-02-14 16:08:00,1.82,1.82,1.82,1.82,600
2022-02-14 16:06:00,1.62,1.77,1.62,1.77,1842
2022-02-14 16:00:00,1.63,1.64,1.6246,1.63,2609
2022-02-14 15:59:00,1.6299,1.6299,1.6299,1.6299,727
2022-02-14 15:58:00,1.6297,1.6297,1.6297,1.6297,2000
2022-02-14 15:57:00,1.6,1.6,1.6,1.6,100
2022-02-14 15:52:00,1.595,1.595,1.595,1.595,277
2022-02-14 15:49:00,1.58,1.6,1.5301,1.5301,6809
2022-02-14 15:48:00,1.69,1.69,1.58,1.6,18695
2022-02-14 15:47:00,1.735,1.735,1.73,1.73,599
2022-02-14 15:46:00,1.735,1.74,1.735,1.74,600
2022-02-14 15:44:00,1.7398,1.7398,1.7398,1.7398,3001
2022-02-14 15:37:00,1.735,1.735,1.735,1.735,500
2022-02-14 15:32:00,1.745,1.745,1.745,1.745,100
2022-02-14 15:20:00,1.755,1.755,1.75,1.75,801
2022-02-14 15:07:00,1.755,1.755,1.75,1.75,371
2022-02-14 15:02:00,1.7599,1.7599,1.7599,1.7599,2500
2022-02-14 15:01:00,1.76,1.76,1.76,1.76,516
2022-02-14 14:30:00,1.73,1.73,1.73,1.73,400
2022-02-14 14:21:00,1.7282,1.7282,1.7282,1.7282,145
2022-02-14 14:14:00,1.71,1.71,1.71,1.71,1000
2022-02-14 14:10:00,1.71,1.71,1.71,1.71,407
2022-02-14 14:09:00,1.7,1.7,1.7,1.7,598
2022-02-14 14:07:00,1.6942,1.6942,1.69,1.69,1095
2022-02-14 13:57:00,1.7153,1.7153,1.7153,1.7153,120
2022-02-14 13:56:00,1.69,1.69,1.69,1.69,400
2022-02-14 13:50:00,1.69,1.73,1.69,1.69,10300
2022-02-14 13:49:00,1.685,1.7,1.685,1.685,850
2022-02-14 13:48:00,1.67,1.68,1.665,1.68,5343
2022-02-14 13:47:00,1.6647,1.6647,1.6647,1.6647,125
2022-02-14 13:42:00,1.6648,1.6648,1.6648,1.6648,250
2022-02-14 13:40:00,1.68,1.68,1.66,1.66,3555
2022-02-14 13:35:00,1.68,1.6801,1.68,1.68,2200
2022-02-14 13:20:00,1.6899,1.6899,1.6899,1.6899,750
2022-02-14 13:19:00,1.6801,1.6801,1.6801,1.6801,5000
2022-02-14 13:16:00,1.6899,1.6899,1.6899,1.6899,100
2022-02-14 13:14:00,1.699,1.699,1.6986,1.6986,1057
2022-02-14 12:49:00,1.71,1.71,1.71,1.71,428
2022-02-14 12:43:00,1.7005,1.7005,1.7005,1.7005,100
2022-02-14 12:37:00,1.68,1.68,1.68,1.68,100
2022-02-14 12:35:00,1.6889,1.6889,1.6889,1.6889,100
2022-02-14 12:33:00,1.72,1.72,1.72,1.72,100
2022-02-14 12:31:00,1.68,1.68,1.68,1.68,500
2022-02-14 12:30:00,1.71,1.71,1.68,1.68,4116
2022-02-14 12:23:00,1.7,1.7,1.7,1.7,400
2022-02-14 12:20:00,1.7091,1.7091,1.7091,1.7091,150
2022-02-14 12:16:00,1.7092,1.7092,1.7092,1.7092,400
2022-02-14 12:12:00,1.7093,1.7093,1.7093,1.7093,587
2022-02-14 12:05:00,1.7201,1.7201,1.72,1.72,5809
2022-02-14 11:35:00,1.74,1.74,1.74,1.74,109
2022-02-14 11:31:00,1.74,1.74,1.74,1.74,100
2022-02-14 11:20:00,1.71,1.71,1.71,1.71,300
2022-02-14 11:10:00,1.7099,1.71,1.7099,1.71,550
2022-02-14 11:05:00,1.71,1.71,1.71,1.71,472
2022-02-14 11:01:00,1.75,1.75,1.7,1.71,3983
2022-02-14 10:58:00,1.74,1.74,1.73,1.73,2512
2022-02-14 10:56:00,1.73,1.73,1.73,1.73,4000
2022-02-14 10:55:00,1.75,1.75,1.73,1.73,450
2022-02-14 10:54:00,1.76,1.76,1.76,1.76,800
2022-02-14 10:52:00,1.77,1.77,1.77,1.77,209
2022-02-14 10:51:00,1.78,1.78,1.765,1.765,2080
2022-02-14 10:48:00,1.8159,1.8159,1.77,1.77,2239
2022-02-14 10:47:00,1.79,1.79,1.79,1.79,2949
2022-02-14 10:46:00,1.8,1.8,1.79,1.7989,356
2022-02-14 10:44:00,1.8,1.808,1.8,1.808,2209
2022-02-14 10:32:00,1.8227,1.8227,1.8227,1.8227,107
2022-02-14 10:27:00,1.8227,1.8227,1.8227,1.8227,700
2022-02-14 10:23:00,1.8001,1.8001,1.8001,1.8001,600
2022-02-14 10:22:00,1.82,1.82,1.82,1.82,300
2022-02-14 10:17:00,1.8316,1.8316,1.8316,1.8316,805
2022-02-14 09:59:00,1.8836,1.8836,1.8836,1.8836,100
2022-02-14 09:57:00,1.86,1.86,1.86,1.86,177
2022-02-14 09:53:00,1.89,1.89,1.89,1.89,100
2022-02-14 09:51:00,1.85,1.85,1.85,1.85,250
2022-02-14 09:44:00,1.91,1.91,1.91,1.91,100
2022-02-14 09:31:00,1.9,1.9,1.9,1.9,658
2022-02-14 08:28:00,1.92,1.92,1.92,1.92,139
2022-02-11 16:00:00,1.92,1.92,1.92,1.92,928
2022-02-11 15:59:00,1.92,1.92,1.92,1.92,200
2022-02-11 15:58:00,1.92,1.92,1.92,1.92,101
2022-02-11 15:57:00,1.92,1.92,1.92,1.92,100
2022-02-11 15:56:00,1.905,1.92,1.905,1.92,200
2022-02-11 15:55:00,1.905,1.905,1.905,1.905,104
2022-02-11 15:53:00,1.905,1.905,1.905,1.905,200
2022-02-11 15:52:00,1.905,1.905,1.905,1.905,100
2022-02-11 15:51:00,1.905,1.905,1.905,1.905,200
2022-02-11 15:50:00,1.9,1.92,1.9,1.92,2151
2022-02-11 15:49:00,1.87,1.885,1.87,1.885,1700
2022-02-11 15:48:00,1.87,1.87,1.87,1.87,399
2022-02-11 15:46:00,1.87,1.87,1.87,1.87,500
2022-02-11 15:45:00,1.865,1.88,1.865,1.88,1082
2022-02-11 15:44:00,1.87,1.87,1.87,1.87,1050
2022-02-11 15:43:00,1.87,1.87,1.87,1.87,100
2022-02-11 15:41:00,1.87,1.87,1.87,1.87,100
2022-02-11 15:39:00,1.87,1.87,1.87,1.87,103
2022-02-11 15:37:00,1.87,1.87,1.87,1.87,100
2022-02-11 15:36:00,1.87,1.87,1.87,1.87,100
2022-02-11 15:35:00,1.865,1.865,1.865,1.865,125
2022-02-11 15:34:00,1.87,1.87,1.87,1.87,100
2022-02-11 15:32:00,1.87,1.87,1.87,1.87,100
2022-02-11 15:22:00,1.87,1.87,1.85,1.85,3405
2022-02-11 15:21:00,1.87,1.87,1.87,1.87,823
2022-02-11 15:19:00,1.88,1.88,1.88,1.88,100
2022-02-11 15:18:00,1.87,1.88,1.87,1.88,553
2022-02-11 15:17:00,1.87,1.87,1.87,1.87,200
2022-02-11 15:16:00,1.89,1.89,1.87,1.87,2076
2022-02-11 15:13:00,1.89,1.89,1.89,1.89,100
2022-02-11 15:11:00,1.89,1.89,1.89,1.89,102
2022-02-11 15:09:00,1.89,1.89,1.89,1.89,100
2022-02-11 15:06:00,1.89,1.89,1.89,1.89,100
2022-02-11 15:04:00,1.89,1.89,1.89,1.89,100
2022-02-11 15:02:00,1.885,1.885,1.885,1.885,100
2022-02-11 14:59:00,1.89,1.89,1.89,1.89,100
2022-02-11 14:56:00,1.88,1.88,1.88,1.88,100
2022-02-11 14:54:00,1.885,1.885,1.88,1.88,1103
2022-02-11 14:51:00,1.88,1.88,1.88,1.88,300
2022-02-11 14:47:00,1.885,1.885,1.88,1.88,3038
2022-02-11 14:46:00,1.9,1.9,1.9,1.9,100
2022-02-11 14:43:00,1.9,1.9,1.9,1.9,100
2022-02-11 14:40:00,1.9,1.9,1.9,1.9,100
2022-02-11 14:37:00,1.9,1.9,1.9,1.9,108
2022-02-11 14:35:00,1.88,1.88,1.88,1.88,153
2022-02-11 14:33:00,1.895,1.895,1.895,1.895,100
2022-02-11 14:30:00,1.9,1.9,1.9,1.9,100
2022-02-11 14:29:00,1.89,1.89,1.89,1.89,100
2022-02-11 14:25:00,1.89,1.89,1.8802,1.8802,521
2022-02-11 14:23:00,1.895,1.895,1.895,1.895,100
2022-02-11 14:19:00,1.9,1.9,1.9,1.9,100
2022-02-11 14:16:00,1.89,1.9,1.89,1.89,714
2022-02-11 14:12:00,1.9,1.9,1.9,1.9,100
2022-02-11 14:08:00,1.9,1.9,1.9,1.9,108
2022-02-11 14:05:00,1.9,1.9,1.9,1.9,105
2022-02-11 14:01:00,1.9,1.9,1.9,1.9,106
2022-02-11 13:57:00,1.9,1.9,1.9,1.9,169
2022-02-11 13:52:00,1.9,1.9,1.9,1.9,100
2022-02-11 13:46:00,1.89,1.89,1.89,1.89,320
2022-02-11 13:44:00,1.9,1.9,1.9,1.9,100
2022-02-11 13:39:00,1.9,1.9,1.9,1.9,100
2022-02-11 13:35:00,1.9,1.9,1.9,1.9,106
2022-02-11 13:31:00,1.9,1.9,1.9,1.9,113
2022-02-11 13:23:00,1.8999,1.8999,1.8999,1.8999,250
2022-02-11 13:01:00,1.9,1.9,1.9,1.9,200
2022-02-11 12:59:00,1.92,1.92,1.92,1.92,260
2022-02-11 12:58:00,1.92,1.935,1.92,1.935,407
2022-02-11 12:57:00,1.92,1.92,1.92,1.92,338
2022-02-11 12:56:00,1.92,1.92,1.92,1.92,230
2022-02-11 12:55:00,1.92,1.92,1.92,1.92,100
2022-02-11 12:53:00,1.935,1.935,1.935,1.935,100
2022-02-11 12:52:00,1.935,1.935,1.935,1.935,200
2022-02-11 12:51:00,1.92,1.935,1.92,1.935,565
2022-02-11 12:50:00,1.92,1.92,1.92,1.92,280
2022-02-11 12:49:00,1.93,1.935,1.92,1.92,931
2022-02-11 12:48:00,1.9425,1.9425,1.9425,1.9425,115
2022-02-11 12:44:00,1.95,1.95,1.95,1.95,109
2022-02-11 12:32:00,1.94,1.94,1.94,1.94,108
2022-02-11 12:21:00,1.94,1.94,1.94,1.94,109
2022-02-11 12:17:00,1.94,1.94,1.94,1.94,100
2022-02-11 12:14:00,1.94,1.94,1.94,1.94,120
2022-02-11 12:10:00,1.935,1.935,1.935,1.935,135
2022-02-11 12:07:00,1.95,1.95,1.95,1.95,109
2022-02-11 12:03:00,1.95,1.95,1.95,1.95,100
2022-02-11 12:00:00,1.95,1.95,1.95,1.95,109
2022-02-11 11:56:00,1.95,1.95,1.95,1.95,100
2022-02-11 11:40:00,1.95,1.95,1.92,1.935,1620
2022-02-11 11:37:00,1.95,1.95,1.95,1.95,100
2022-02-11 11:34:00,1.95,1.95,1.95,1.95,119
2022-02-11 11:31:00,1.95,1.95,1.95,1.95,100
2022-02-11 11:29:00,1.95,1.95,1.95,1.95,118
2022-02-11 11:26:00,1.95,1.95,1.95,1.95,100
2022-02-11 11:23:00,1.95,1.95,1.95,1.95,100
2022-02-11 11:20:00,1.95,1.95,1.95,1.95,109
2022-02-11 11:17:00,1.95,1.95,1.95,1.95,100
2022-02-11 11:08:00,1.9301,1.94,1.93,1.93,301
2022-02-11 11:07:00,1.95,1.95,1.95,1.95,100
2022-02-11 11:04:00,1.95,1.95,1.95,1.95,100
2022-02-11 11:00:00,1.95,1.95,1.95,1.95,100
2022-02-11 10:57:00,1.95,1.95,1.95,1.95,100
2022-02-11 10:54:00,1.95,1.95,1.95,1.95,100
2022-02-11 10:51:00,1.95,1.95,1.95,1.95,100
2022-02-11 10:48:00,1.95,1.95,1.95,1.95,100
2022-02-11 10:45:00,1.95,1.95,1.95,1.95,400
2022-02-11 10:43:00,1.95,1.95,1.95,1.95,100
2022-02-11 10:40:00,1.95,1.95,1.94,1.94,500
2022-02-11 10:38:00,1.95,1.95,1.95,1.95,168
2022-02-11 10:35:00,1.95,1.95,1.95,1.95,100
2022-02-11 10:33:00,1.95,1.95,1.935,1.935,205
2022-02-11 10:30:00,1.95,1.95,1.95,1.95,100
2022-02-11 10:29:00,1.94,1.94,1.94,1.94,1000
2022-02-11 10:27:00,1.95,1.95,1.935,1.935,200
2022-02-11 10:21:00,1.9,1.925,1.89,1.91,6906
2022-02-11 10:20:00,1.97,1.97,1.9,1.9,2793
2022-02-11 10:18:00,1.975,1.975,1.975,1.975,100
2022-02-11 10:16:00,1.975,1.975,1.975,1.975,100
2022-02-11 10:14:00,1.975,1.975,1.975,1.975,100
2022-02-11 10:12:00,1.975,1.975,1.975,1.975,100
2022-02-11 10:10:00,1.975,1.975,1.975,1.975,100
2022-02-11 10:08:00,1.945,1.95,1.945,1.95,3304
2022-02-11 10:07:00,1.925,1.925,1.925,1.925,1000
2022-02-11 10:05:00,1.94,1.94,1.92,1.92,300
2022-02-11 10:00:00,1.92,1.95,1.9,1.95,4217
2022-02-11 09:57:00,1.96,1.9792,1.96,1.97,3400
2022-02-11 09:55:00,1.935,1.935,1.935,1.935,100
2022-02-11 09:52:00,1.95,1.97,1.95,1.97,2200
2022-02-11 09:49:00,1.93,1.93,1.93,1.93,1735
2022-02-11 09:48:00,1.93,1.93,1.88,1.88,500
2022-02-11 09:43:00,1.96,1.96,1.96,1.96,2000
2022-02-11 09:41:00,1.9999,2.0,1.93,1.93,4371
2022-02-11 09:36:00,1.97,1.97,1.97,1.97,100
2022-02-10 16:00:00,1.9299,1.96,1.9299,1.96,10999
2022-02-10 15:57:00,1.93,1.93,1.92,1.93,406
2022-02-10 15:32:00,1.88,1.88,1.88,1.88,226
2022-02-10 15:20:00,1.91,1.91,1.91,1.91,100
2022-02-10 15:03:00,1.87,1.87,1.87,1.87,600
2022-02-10 14:59:00,1.9001,1.94,1.89,1.8974,3078
2022-02-10 14:22:00,1.91,1.91,1.91,1.91,211
2022-02-10 14:13:00,1.9101,1.9101,1.9101,1.9101,200
2022-02-10 14:11:00,1.92,1.92,1.92,1.92,200
2022-02-10 13:57:00,1.9247,1.9247,1.9247,1.9247,200
2022-02-10 13:52:00,1.96,1.96,1.96,1.96,400
2022-02-10 13:51:00,1.96,1.97,1.96,1.97,499
2022-02-10 13:17:00,2.0,2.0,1.99,1.99,368
2022-02-10 13:14:00,2.015,2.02,2.01,2.01,900
2022-02-10 13:13:00,2.0031,2.0031,2.0031,2.0031,385
2022-02-10 13:12:00,2.0115,2.0115,2.0115,2.0115,300
2022-02-10 13:11:00,2.0001,2.0033,2.0001,2.0033,600
2022-02-10 13:10:00,2.015,2.015,2.015,2.015,500
2022-02-10 13:09:00,1.99,1.99,1.99,1.99,257
2022-02-10 13:08:00,2.01,2.01,1.99,1.99,1247
2022-02-10 13:01:00,1.96,2.005,1.96,1.99,2500
2022-02-10 13:00:00,1.995,1.995,1.96,1.96,20813
2022-02-10 12:58:00,1.96,1.97,1.96,1.97,1150
2022-02-10 12:54:00,1.98,1.99,1.98,1.99,900
2022-02-10 12:23:00,1.994,1.994,1.99,1.99,419
2022-02-10 12:19:00,1.99,1.99,1.99,1.99,100
2022-02-10 12:18:00,1.9801,2.0,1.98,1.99,6709
2022-02-10 11:55:00,1.9969,1.9969,1.985,1.985,1000
2022-02-10 11:53:00,1.97,1.97,1.97,1.97,605
2022-02-10 11:38:00,1.97,1.9701,1.97,1.9701,1500
2022-02-10 11:01:00,1.96,1.96,1.95,1.95,1600
2022-02-10 10:38:00,1.97,1.98,1.97,1.98,600
2022-02-10 10:36:00,2.0,2.0,1.98,1.98,1900
2022-02-10 10:31:00,1.95,1.96,1.95,1.96,401
2022-02-10 10:14:00,1.95,1.95,1.95,1.95,180
2022-02-10 10:01:00,1.91,1.92,1.91,1.92,400
2022-02-10 09:45:00,1.9,1.92,1.9,1.92,1500
2022-02-10 09:31:00,1.864,1.864,1.864,1.864,167
2022-02-10 09:14:00,1.86,1.86,1.86,1.86,188
2022-02-09 16:00:00,1.94,1.94,1.92,1.92,556
2022-02-09 15:59:00,1.91,1.94,1.91,1.94,264
2022-02-09 15:57:00,1.9127,1.9127,1.91,1.91,220
2022-02-09 15:55:00,1.91,1.91,1.91,1.91,101
2022-02-09 15:54:00,1.91,1.91,1.91,1.91,101
2022-02-09 15:53:00,1.9172,1.9172,1.9172,1.9172,140
2022-02-09 15:51:00,1.9035,1.9226,1.9027,1.9148,900
2022-02-09 15:46:00,1.9027,1.92,1.9027,1.91,400
2022-02-09 15:45:00,1.91,1.91,1.91,1.91,17208
2022-02-09 15:44:00,1.8927,1.8927,1.8927,1.8927,100
2022-02-09 15:42:00,1.89,1.8903,1.89,1.8902,1800
2022-02-09 15:40:00,1.8927,1.898,1.8927,1.898,300
2022-02-09 15:38:00,1.896,1.896,1.896,1.896,100
2022-02-09 15:37:00,1.8828,1.8828,1.8828,1.8828,100
2022-02-09 15:36:00,1.8896,1.8896,1.8896,1.8896,106
2022-02-09 15:35:00,1.914,1.915,1.914,1.915,244
2022-02-09 15:34:00,1.955,1.955,1.955,1.955,400
2022-02-09 15:32:00,1.95,1.95,1.95,1.95,300
2022-02-09 15:31:00,1.93,1.93,1.93,1.93,446
2022-02-09 15:29:00,1.965,2.0,1.94,2.0,52800
2022-02-09 15:27:00,1.9327,1.9335,1.9327,1.9327,300
2022-02-09 15:24:00,1.934,1.934,1.934,1.934,200
2022-02-09 15:19:00,1.94,1.94,1.928,1.928,714
2022-02-09 15:17:00,1.931,1.931,1.931,1.931,250
2022-02-09 15:15:00,1.96,1.96,1.96,1.96,400
2022-02-09 15:14:00,1.928,1.928,1.928,1.928,263
2022-02-09 15:13:00,1.985,1.985,1.92,1.92,4496
2022-02-09 15:10:00,1.9727,1.9727,1.9727,1.9727,300
2022-02-09 15:06:00,1.9727,1.9727,1.97,1.97,308
2022-02-09 15:03:00,1.9727,1.9727,1.9727,1.9727,300
2022-02-09 14:59:00,1.9727,1.9727,1.9727,1.9727,300
2022-02-09 14:53:00,1.97,1.97,1.97,1.97,100
2022-02-09 14:52:00,1.97,1.97,1.97,1.97,563
2022-02-09 14:47:00,1.9727,1.976,1.97,1.976,438
2022-02-09 14:38:00,1.98,1.98,1.98,1.98,108
2022-02-09 14:37:00,1.9958,1.9958,1.9727,1.9727,653
2022-02-09 14:33:00,1.9627,1.9656,1.9627,1.9656,701
2022-02-09 14:25:00,1.9627,1.9627,1.9627,1.9627,600
2022-02-09 14:16:00,1.9627,1.975,1.96,1.975,1063
2022-02-09 14:07:00,1.9627,1.98,1.9627,1.98,800
2022-02-09 13:58:00,1.9627,1.9664,1.9627,1.9664,700
2022-02-09 13:49:00,1.9627,1.968,1.9627,1.9627,700
2022-02-09 13:40:00,1.98,1.98,1.98,1.98,105
2022-02-09 13:39:00,1.98,1.98,1.98,1.98,515
2022-02-09 13:38:00,1.98,2.0,1.98,2.0,7947
2022-02-09 13:37:00,1.93,1.97,1.92,1.97,14617
2022-02-09 13:33:00,1.8927,1.915,1.89,1.915,425
2022-02-09 13:27:00,1.8827,1.89,1.8827,1.89,235
2022-02-09 13:13:00,1.86,1.86,1.86,1.86,100
2022-02-09 13:11:00,1.9565,1.9565,1.9565,1.9565,599
2022-02-09 13:02:00,1.8727,1.8727,1.8727,1.8727,300
2022-02-09 12:54:00,1.91,1.91,1.91,1.91,101
2022-02-09 12:44:00,1.96,1.96,1.96,1.96,200
2022-02-09 12:33:00,1.87,1.87,1.87,1.87,130
2022-02-09 12:31:00,1.874,1.874,1.874,1.874,142
2022-02-09 12:30:00,1.92,1.92,1.92,1.92,267
2022-02-09 12:29:00,1.875,1.875,1.875,1.875,100
2022-02-09 12:28:00,1.8727,1.8727,1.8727,1.8727,100
2022-02-09 12:26:00,1.874,1.874,1.874,1.874,100
2022-02-09 12:24:00,1.874,1.874,1.874,1.874,100
2022-02-09 12:22:00,1.88,1.88,1.88,1.88,100
2022-02-09 12:21:00,1.8827,1.8827,1.8827,1.8827,100
2022-02-09 12:19:00,1.882,1.882,1.882,1.882,100
2022-02-09 12:17:00,1.8827,1.8827,1.8827,1.8827,140
2022-02-09 12:12:00,1.8827,1.8827,1.8827,1.8827,100
2022-02-09 12:03:00,1.8827,1.8827,1.8827,1.8827,100
2022-02-09 12:02:00,1.88,1.8827,1.88,1.88,400
2022-02-09 12:00:00,1.8727,1.8727,1.8727,1.8727,200
2022-02-09 11:56:00,1.8727,1.8727,1.8727,1.8727,200
2022-02-09 11:53:00,1.8727,1.8727,1.8727,1.8727,200
2022-02-09 11:51:00,1.8727,1.8727,1.8727,1.8727,140
2022-02-09 11:49:00,1.8727,1.8727,1.8727,1.8727,100
2022-02-09 11:47:00,1.8727,1.8727,1.8727,1.8727,100
2022-02-09 11:46:00,1.8827,1.8827,1.8827,1.8827,100
2022-02-09 11:44:00,1.8827,1.8827,1.8827,1.8827,100
2022-02-09 11:42:00,1.8827,1.8827,1.8827,1.8827,100
2022-02-09 11:40:00,1.8827,1.8827,1.8827,1.8827,100
2022-02-09 11:39:00,1.8827,1.8827,1.8827,1.8827,140
2022-02-09 11:37:00,1.88,1.88,1.88,1.88,100
2022-02-09 11:35:00,1.8827,1.8827,1.8827,1.8827,100
2022-02-09 11:33:00,1.8827,1.8827,1.8827,1.8827,100
2022-02-09 11:32:00,1.8827,1.8827,1.8827,1.8827,150
2022-02-09 11:25:00,1.9135,1.9135,1.9135,1.9135,100
2022-02-09 11:23:00,1.9127,1.94,1.9127,1.94,250
2022-02-09 11:18:00,1.91,1.91,1.91,1.91,320
2022-02-09 11:14:00,1.91,1.91,1.91,1.91,324
2022-02-09 11:11:00,1.92,1.925,1.91,1.925,1623
2022-02-09 11:10:00,1.925,1.925,1.91,1.925,45259
2022-02-09 11:08:00,1.9278,1.9278,1.9278,1.9278,155
2022-02-09 11:06:00,1.9278,1.9278,1.9278,1.9278,104
2022-02-09 11:04:00,1.9399,1.9399,1.9399,1.9399,413
2022-02-09 11:01:00,1.9127,1.9127,1.912,1.9127,502
2022-02-09 10:59:00,1.9,1.9027,1.9,1.9027,200
2022-02-09 10:55:00,1.9027,1.91,1.9027,1.91,200
2022-02-09 10:46:00,1.9,1.9,1.9,1.9,780
2022-02-09 10:44:00,1.93,1.93,1.8901,1.93,5595
2022-02-09 10:42:00,1.93,1.93,1.93,1.93,400
2022-02-09 10:39:00,1.8927,1.9,1.8927,1.8935,450
2022-02-09 10:37:00,1.93,1.93,1.93,1.93,2600
2022-02-09 10:32:00,1.93,1.93,1.89,1.9,400
2022-02-09 10:27:00,1.925,1.925,1.8827,1.8827,300
2022-02-09 10:22:00,1.89,1.89,1.89,1.89,300
2022-02-09 10:20:00,1.98,1.98,1.98,1.98,700
2022-02-09 10:19:00,1.93,1.93,1.93,1.93,21800
2022-02-09 10:08:00,1.915,1.915,1.915,1.915,275
2022-02-09 10:06:00,1.89,1.94,1.87,1.94,11901
2022-02-09 09:43:00,1.876,1.876,1.8701,1.8701,558
2022-02-09 09:36:00,1.88,1.88,1.88,1.88,100
2022-02-09 09:31:00,1.98,1.98,1.98,1.98,639
2022-02-08 16:00:00,1.86,1.86,1.86,1.86,682
2022-02-08 15:48:00,1.875,1.88,1.875,1.88,2800
2022-02-08 14:58:00,1.895,1.895,1.88,1.88,800
2022-02-08 14:29:00,1.91,1.91,1.9,1.91,7500
2022-02-08 14:27:00,1.9116,1.92,1.9116,1.92,600
2022-02-08 14:26:00,1.93,1.94,1.93,1.93,1000
2022-02-08 14:25:00,1.93,1.93,1.93,1.93,300
2022-02-08 14:19:00,1.93,1.93,1.93,1.93,241
2022-02-08 14:15:00,1.91,1.91,1.91,1.91,100
2022-02-08 14:01:00,1.91,1.91,1.91,1.91,504
2022-02-08 13:53:00,1.905,1.905,1.905,1.905,4600
2022-02-08 13:14:00,1.905,1.9099,1.905,1.9099,900
2022-02-08 13:07:00,1.905,1.905,1.905,1.905,200
2022-02-08 12:54:00,1.88,1.9,1.88,1.895,1861
2022-02-08 12:47:00,1.865,1.87,1.865,1.87,1030
2022-02-08 12:17:00,1.84,1.84,1.84,1.84,300
2022-02-08 12:14:00,1.855,1.855,1.855,1.855,200
2022-02-08 12:04:00,1.8674,1.8674,1.8674,1.8674,800
2022-02-08 11:57:00,1.8645,1.8645,1.8645,1.8645,174
2022-02-08 11:46:00,1.85,1.85,1.85,1.85,101
2022-02-08 11:30:00,1.845,1.845,1.845,1.845,2500
2022-02-08 11:25:00,1.845,1.845,1.845,1.845,500
2022-02-08 11:03:00,1.835,1.835,1.835,1.835,100
2022-02-08 10:32:00,1.81,1.81,1.81,1.81,2600
2022-02-08 10:25:00,1.8036,1.8036,1.8036,1.8036,100
2022-02-08 09:57:00,1.79,1.79,1.79,1.79,300
2022-02-08 09:55:00,1.8,1.8,1.8,1.8,672
2022-02-08 09:32:00,1.86,1.86,1.8,1.86,500
2022-02-08 09:31:00,1.82,1.828,1.82,1.828,210
2022-02-07 18:18:00,1.87,1.87,1.87,1.87,856
2022-02-07 16:00:00,1.8,1.8,1.8,1.8,305
2022-02-07 15:56:00,1.8,1.8,1.8,1.8,326
2022-02-07 15:49:00,1.8337,1.8337,1.8337,1.8337,100
2022-02-07 15:43:00,1.8,1.8,1.8,1.8,200
2022-02-07 15:37:00,1.83,1.84,1.83,1.83,820
2022-02-07 15:34:00,1.84,1.84,1.84,1.84,225
2022-02-07 15:32:00,1.84,1.84,1.84,1.84,200
2022-02-07 15:01:00,1.84,1.84,1.84,1.84,101
2022-02-07 14:59:00,1.875,1.875,1.86,1.86,1000
2022-02-07 14:58:00,1.875,1.875,1.8649,1.875,1600
2022-02-07 14:57:00,1.87,1.87,1.87,1.87,193
2022-02-07 14:45:00,1.8899,1.8899,1.8899,1.8899,770
2022-02-07 14:39:00,1.86,1.875,1.86,1.875,6105
2022-02-07 14:38:00,1.875,1.875,1.875,1.875,300
2022-02-07 14:34:00,1.875,1.875,1.8691,1.8691,403
2022-02-07 14:33:00,1.875,1.875,1.875,1.875,2406
2022-02-07 14:03:00,1.865,1.865,1.865,1.865,364
2022-02-07 13:21:00,1.83,1.83,1.8285,1.83,2137
2022-02-07 13:19:00,1.825,1.825,1.82,1.82,8710
2022-02-07 13:18:00,1.835,1.835,1.835,1.835,2240
2022-02-07 13:14:00,1.8201,1.8201,1.8201,1.8201,300
2022-02-07 12:50:00,1.825,1.825,1.825,1.825,150
2022-02-07 11:56:00,1.825,1.825,1.825,1.825,500
2022-02-07 11:43:00,1.8,1.8,1.8,1.8,733
2022-02-07 11:41:00,1.73,1.8,1.73,1.8,751
2022-02-07 11:39:00,1.815,1.815,1.815,1.815,100
2022-02-07 11:23:00,1.815,1.815,1.815,1.815,500
2022-02-07 11:11:00,1.815,1.815,1.815,1.815,250
2022-02-07 10:54:00,1.82,1.82,1.82,1.82,2100
2022-02-07 10:34:00,1.82,1.82,1.82,1.82,125
2022-02-07 10:13:00,1.8799,1.8799,1.8799,1.8799,2000
2022-02-07 10:11:00,1.83,1.83,1.8,1.8,200
2022-02-07 10:06:00,1.876,1.876,1.8,1.8,650
2022-02-07 10:04:00,1.7359,1.7359,1.7359,1.7359,1250
2022-02-07 09:58:00,1.8293,1.8293,1.8293,1.8293,100
2022-02-07 09:47:00,1.89,1.89,1.89,1.89,125
2022-02-07 09:31:00,1.86,1.86,1.855,1.855,1044
2022-02-04 16:00:00,1.75,1.75,1.75,1.75,346
2022-02-04 15:48:00,1.7583,1.7583,1.7583,1.7583,287
2022-02-04 15:18:00,1.75,1.76,1.75,1.76,600
2022-02-04 14:54:00,1.75,1.75,1.75,1.75,124
2022-02-04 14:47:00,1.74,1.74,1.74,1.74,152
2022-02-04 14:43:00,1.7233,1.7233,1.7233,1.7233,614
2022-02-04 14:37:00,1.76,1.76,1.76,1.76,101
2022-02-04 14:36:00,1.77,1.77,1.77,1.77,442
2022-02-04 14:35:00,1.77,1.77,1.77,1.77,500
2022-02-04 14:19:00,1.746,1.746,1.746,1.746,500
2022-02-04 13:57:00,1.8,1.8,1.8,1.8,113
2022-02-04 13:48:00,1.79,1.79,1.79,1.79,400
2022-02-04 13:42:00,1.785,1.785,1.78,1.78,603
2022-02-04 12:52:00,1.8046,1.8046,1.8046,1.8046,100
2022-02-04 12:11:00,1.8101,1.8106,1.81,1.81,20643
2022-02-04 11:53:00,1.8,1.8,1.8,1.8,200
2022-02-04 11:23:00,1.815,1.83,1.815,1.8299,1200
2022-02-04 10:36:00,1.8,1.8,1.8,1.8,100
2022-02-04 10:24:00,1.835,1.835,1.835,1.835,20500
2022-02-04 10:07:00,1.84,1.84,1.84,1.84,18120
2022-02-04 10:06:00,1.84,1.84,1.84,1.84,9998
2022-02-04 10:03:00,1.8061,1.8061,1.8061,1.8061,490
2022-02-04 09:47:00,1.8001,1.8001,1.8001,1.8001,3000
2022-02-04 09:38:00,1.845,1.845,1.845,1.845,102
2022-02-04 09:37:00,1.82,1.82,1.82,1.82,800
2022-02-04 09:31:00,1.83,1.83,1.83,1.83,129
2022-02-03 16:00:00,1.845,1.85,1.84,1.84,1627
2022-02-03 15:59:00,1.84,1.85,1.84,1.84,500
2022-02-03 15:56:00,1.83,1.83,1.83,1.83,100
2022-02-03 15:53:00,1.83,1.83,1.83,1.83,100
2022-02-03 15:51:00,1.83,1.83,1.83,1.83,241
2022-02-03 15:50:00,1.84,1.84,1.84,1.84,100
2022-02-03 15:46:00,1.84,1.85,1.84,1.85,800
2022-02-03 15:44:00,1.845,1.86,1.83,1.83,5776
2022-02-03 15:28:00,1.84,1.845,1.84,1.845,525
2022-02-03 15:15:00,1.85,1.85,1.85,1.85,400
2022-02-03 15:14:00,1.85,1.85,1.85,1.85,276
2022-02-03 15:13:00,1.855,1.855,1.855,1.855,416
2022-02-03 14:59:00,1.855,1.855,1.855,1.855,100
2022-02-03 14:52:00,1.855,1.855,1.855,1.855,100
2022-02-03 14:51:00,1.855,1.855,1.84,1.84,12007
2022-02-03 14:34:00,1.86,1.86,1.86,1.86,100
2022-02-03 13:50:00,1.86,1.86,1.86,1.86,138
2022-02-03 13:34:00,1.865,1.865,1.865,1.865,385
2022-02-03 13:11:00,1.87,1.87,1.87,1.87,138
2022-02-03 12:42:00,1.86,1.86,1.86,1.86,100
2022-02-03 12:39:00,1.83,1.83,1.83,1.83,1324
2022-02-03 12:37:00,1.88,1.88,1.88,1.88,107
2022-02-03 12:27:00,1.89,1.89,1.89,1.89,100
2022-02-03 12:12:00,1.83,1.84,1.83,1.84,2093
2022-02-03 12:00:00,1.83,1.83,1.83,1.83,105
2022-02-03 11:39:00,1.83,1.83,1.83,1.83,250
2022-02-03 11:25:00,1.86,1.86,1.86,1.86,100
2022-02-03 11:12:00,1.8526,1.8526,1.8526,1.8526,100
2022-02-03 10:54:00,1.85,1.85,1.85,1.85,106
2022-02-03 10:41:00,1.8157,1.8157,1.8157,1.8157,171
2022-02-03 10:37:00,1.83,1.83,1.83,1.83,500
2022-02-03 10:00:00,1.85,1.86,1.82,1.82,1910
2022-02-03 09:31:00,1.95,1.95,1.92,1.92,402
2022-02-02 17:47:00,1.95,1.95,1.95,1.95,490
2022-02-02 16:00:00,1.88,1.9,1.84,1.85,16211
2022-02-02 15:59:00,1.85,1.86,1.84,1.84,7196
2022-02-02 15:58:00,1.84,1.85,1.84,1.84,36573
2022-02-02 15:57:00,1.84,1.85,1.84,1.85,1733
2022-02-02 15:56:00,1.84,1.845,1.84,1.84,2449
2022-02-02 15:55:00,1.84,1.85,1.84,1.85,2985
2022-02-02 15:54:00,1.84,1.85,1.84,1.84,800
2022-02-02 15:53:00,1.84,1.845,1.84,1.845,1103
2022-02-02 15:52:00,1.84,1.84,1.84,1.84,700
2022-02-02 15:51:00,1.84,1.84,1.84,1.84,900
2022-02-02 15:50:00,1.84,1.84,1.84,1.84,335
2022-02-02 15:49:00,1.84,1.84,1.84,1.84,335
2022-02-02 15:48:00,1.85,1.85,1.84,1.84,700
2022-02-02 15:47:00,1.84,1.84,1.84,1.84,300
2022-02-02 15:46:00,1.84,1.84,1.84,1.84,422
2022-02-02 15:45:00,1.84,1.84,1.84,1.84,500
2022-02-02 15:44:00,1.84,1.84,1.84,1.84,300
2022-02-02 15:43:00,1.84,1.84,1.84,1.84,200
2022-02-02 15:42:00,1.855,1.855,1.855,1.855,200
2022-02-02 15:41:00,1.84,1.87,1.84,1.84,2759
2022-02-02 15:31:00,1.8648,1.87,1.8648,1.87,414
2022-02-02 14:56:00,1.84,1.84,1.84,1.84,572
2022-02-02 14:47:00,1.86,1.87,1.86,1.87,738
2022-02-02 14:42:00,1.86,1.86,1.86,1.86,436
2022-02-02 14:12:00,1.84,1.85,1.84,1.85,542
2022-02-02 14:11:00,1.84,1.84,1.84,1.84,130
2022-02-02 13:23:00,1.8401,1.8401,1.84,1.84,260
2022-02-02 13:21:00,1.8599,1.8599,1.8599,1.8599,101
2022-02-02 12:51:00,1.84,1.87,1.84,1.87,1038
2022-02-02 11:01:00,1.89,1.89,1.89,1.89,270
2022-02-02 10:59:00,1.85,1.85,1.84,1.84,9542
2022-02-02 10:58:00,1.89,1.89,1.89,1.89,239
2022-02-02 10:41:00,1.89,1.89,1.84,1.89,2657
2022-02-02 10:13:00,1.87,1.87,1.87,1.87,222
2022-02-02 09:34:00,1.89,1.89,1.89,1.89,200
2022-02-02 09:31:00,1.82,1.87,1.82,1.87,1430
2022-02-01 15:13:00,1.8701,1.8701,1.8701,1.8701,130
2022-02-01 15:11:00,1.88,1.88,1.88,1.88,255
2022-02-01 14:59:00,1.9,1.9,1.9,1.9,1502
2022-02-01 14:42:00,1.9,1.9,1.8875,1.9,4017
2022-02-01 13:51:00,1.9,1.91,1.9,1.91,501
2022-02-01 13:38:00,1.9,1.9,1.9,1.9,1446
2022-02-01 13:37:00,1.8999,1.8999,1.8999,1.8999,205
2022-02-01 13:12:00,1.9,1.9,1.9,1.9,113
2022-02-01 12:45:00,1.9,1.9,1.9,1.9,101
2022-02-01 12:32:00,1.9,1.9,1.9,1.9,226
2022-02-01 12:27:00,1.88,1.93,1.88,1.915,1228
2022-02-01 10:46:00,1.9299,1.9299,1.9299,1.9299,175
2022-02-01 10:38:00,1.93,1.93,1.93,1.93,200
2022-02-01 10:37:00,1.92,1.92,1.9197,1.9197,897
2022-02-01 10:35:00,1.89,1.89,1.89,1.89,229
2022-02-01 10:33:00,1.871,1.92,1.871,1.92,1300
2022-02-01 10:23:00,1.88,1.92,1.88,1.92,1045
2022-02-01 10:12:00,1.89,1.89,1.89,1.89,202
2022-02-01 10:11:00,1.87,1.87,1.87,1.87,500
2022-02-01 10:02:00,1.87,1.87,1.87,1.87,1425
2022-02-01 09:47:00,1.88,1.95,1.87,1.93,2466
2022-02-01 09:46:00,1.94,1.94,1.94,1.94,484
2022-02-01 09:35:00,1.95,1.95,1.95,1.95,125
2022-02-01 09:34:00,2.01,2.01,1.95,1.95,615
2022-02-01 09:32:00,2.01,2.01,2.01,2.01,500
2022-02-01 09:31:00,1.99,1.99,1.95,1.95,447
2022-02-01 09:04:00,1.95,1.95,1.95,1.95,500
2022-01-31 16:00:00,1.84,1.99,1.84,1.95,2943
2022-01-31 15:59:00,1.84,1.84,1.84,1.84,350
2022-01-31 15:58:00,1.82,1.84,1.82,1.84,300
2022-01-31 15:57:00,1.82,1.82,1.82,1.82,350
2022-01-31 15:56:00,1.82,1.94,1.82,1.82,850
2022-01-31 15:55:00,1.82,1.82,1.82,1.82,100
2022-01-31 15:54:00,1.82,1.82,1.82,1.82,201
2022-01-31 15:53:00,1.8,1.8,1.8,1.8,150
2022-01-31 15:52:00,1.8,1.8,1.8,1.8,200
2022-01-31 15:51:00,1.8,1.8,1.8,1.8,100
2022-01-31 15:50:00,1.8,1.8,1.8,1.8,100
2022-01-31 15:49:00,1.83,1.89,1.8,1.8,1040
2022-01-31 15:48:00,1.78,1.78,1.77,1.77,200
2022-01-31 15:47:00,1.77,1.77,1.77,1.77,100
2022-01-31 15:46:00,1.77,1.77,1.77,1.77,100
2022-01-31 15:44:00,1.77,1.83,1.77,1.83,1931
2022-01-31 15:42:00,1.83,1.83,1.83,1.83,300
2022-01-31 15:41:00,1.77,1.8222,1.77,1.8222,324
2022-01-31 15:39:00,1.77,1.79,1.77,1.79,205
2022-01-31 15:38:00,1.77,1.77,1.77,1.77,100
2022-01-31 15:37:00,1.76,1.76,1.76,1.76,150
2022-01-31 15:35:00,1.76,1.76,1.76,1.76,100
2022-01-31 15:34:00,1.76,1.76,1.76,1.76,100
2022-01-31 15:32:00,1.76,1.76,1.76,1.76,100
2022-01-31 15:31:00,1.76,1.76,1.76,1.76,100
2022-01-31 15:29:00,1.76,1.76,1.76,1.76,100
2022-01-31 15:27:00,1.76,1.76,1.76,1.76,100
2022-01-31 15:25:00,1.76,1.76,1.76,1.76,100
2022-01-31 15:24:00,1.81,1.81,1.81,1.81,291
2022-01-31 15:23:00,1.77,1.77,1.77,1.77,100
2022-01-31 15:21:00,1.77,1.77,1.77,1.77,100
2022-01-31 15:19:00,1.77,1.77,1.77,1.77,100
2022-01-31 15:11:00,1.83,1.83,1.83,1.83,100
2022-01-31 15:09:00,1.81,1.81,1.81,1.81,100
2022-01-31 15:07:00,1.81,1.81,1.81,1.81,100
2022-01-31 15:04:00,1.81,1.81,1.81,1.81,100
2022-01-31 15:02:00,1.81,1.81,1.81,1.81,100
2022-01-31 15:00:00,1.81,1.81,1.81,1.81,150
2022-01-31 14:58:00,1.81,1.81,1.81,1.81,100
2022-01-31 14:55:00,1.74,1.74,1.74,1.74,100
2022-01-31 14:51:00,1.73,1.9,1.73,1.84,1700
2022-01-31 14:48:00,1.73,1.73,1.73,1.73,151
2022-01-31 14:46:00,1.78,1.78,1.78,1.78,100
2022-01-31 14:43:00,1.78,1.78,1.78,1.78,100
2022-01-31 14:42:00,1.8694,1.8694,1.8694,1.8694,100
2022-01-31 14:41:00,1.79,1.79,1.79,1.79,100
2022-01-31 14:36:00,1.78,1.91,1.78,1.91,450
2022-01-31 14:33:00,1.78,1.78,1.78,1.78,103
2022-01-31 14:31:00,1.78,1.78,1.78,1.78,100
2022-01-31 14:28:00,1.78,1.78,1.78,1.78,100
2022-01-31 14:24:00,1.83,1.83,1.83,1.83,101
2022-01-31 14:23:00,1.78,1.87,1.78,1.87,350
2022-01-31 14:21:00,1.74,1.74,1.74,1.74,100
2022-01-31 14:18:00,1.74,1.74,1.74,1.74,100
2022-01-31 14:15:00,1.74,1.74,1.74,1.74,100
2022-01-31 14:13:00,1.74,1.74,1.74,1.74,100
2022-01-31 14:11:00,1.84,1.87,1.805,1.805,450
2022-01-31 14:10:00,1.74,1.74,1.74,1.74,100
2022-01-31 14:08:00,1.74,1.74,1.74,1.74,100
2022-01-31 14:05:00,1.74,1.74,1.74,1.74,301
2022-01-31 14:03:00,1.74,1.74,1.74,1.74,100
2022-01-31 14:01:00,1.74,1.74,1.74,1.74,105
2022-01-31 13:58:00,1.74,1.74,1.74,1.74,156
2022-01-31 13:55:00,1.72,1.72,1.72,1.72,100
2022-01-31 13:52:00,1.72,1.72,1.72,1.72,125
2022-01-31 13:50:00,1.72,1.72,1.72,1.72,100
2022-01-31 13:47:00,1.765,1.765,1.765,1.765,100
2022-01-31 13:44:00,1.75,1.78,1.75,1.78,923
2022-01-31 13:38:00,1.75,1.75,1.75,1.75,100
2022-01-31 13:20:00,1.785,1.785,1.785,1.785,300
2022-01-31 13:18:00,1.7226,1.7226,1.7226,1.7226,250
2022-01-31 13:17:00,1.82,1.85,1.78,1.78,1850
2022-01-31 12:53:00,1.8162,1.8162,1.8162,1.8162,335
2022-01-31 12:52:00,1.81,1.82,1.81,1.82,200
2022-01-31 12:43:00,1.81,1.81,1.81,1.81,138
2022-01-31 12:33:00,1.8265,1.8265,1.82,1.82,500
2022-01-31 12:20:00,1.81,1.81,1.81,1.81,310
2022-01-31 12:13:00,1.8,1.8,1.8,1.8,533
2022-01-31 12:08:00,1.8,1.8,1.8,1.8,201
2022-01-31 12:05:00,1.8379,1.8379,1.8379,1.8379,100
2022-01-31 11:59:00,1.8539,1.8539,1.8539,1.8539,255
2022-01-31 11:58:00,1.8635,1.8941,1.82,1.82,2194
2022-01-31 11:57:00,1.915,1.915,1.915,1.915,130
2022-01-31 11:53:00,1.8,1.88,1.8,1.87,3452
2022-01-31 11:51:00,1.775,1.775,1.775,1.775,500
2022-01-31 11:15:00,1.8,1.8,1.74,1.74,4299
2022-01-31 11:10:00,1.68,1.68,1.68,1.68,421
2022-01-31 11:00:00,1.6983,1.6983,1.6983,1.6983,800
2022-01-31 10:59:00,1.74,1.79,1.74,1.79,1100
2022-01-31 10:39:00,1.75,1.75,1.75,1.75,318
2022-01-31 10:38:00,1.75,1.75,1.74,1.75,1250
2022-01-31 10:20:00,1.7499,1.7499,1.7499,1.7499,255
2022-01-31 10:08:00,1.8,1.8,1.8,1.8,322
2022-01-31 10:07:00,1.67,1.8,1.67,1.8,538
2022-01-31 10:02:00,1.68,1.68,1.68,1.68,700
2022-01-31 09:50:00,1.68,1.68,1.68,1.68,100
2022-01-31 09:39:00,1.66,1.66,1.66,1.66,100
2022-01-31 09:31:00,1.67,1.67,1.605,1.605,2073
2022-01-28 16:00:00,1.63,1.63,1.63,1.63,332
2022-01-28 15:51:00,1.57,1.64,1.57,1.64,1082
2022-01-28 15:23:00,1.63,1.63,1.63,1.63,205
2022-01-28 15:20:00,1.59,1.6,1.59,1.6,300
2022-01-28 15:04:00,1.6,1.6,1.6,1.6,768
2022-01-28 15:03:00,1.6,1.6,1.6,1.6,100
2022-01-28 14:40:00,1.6,1.61,1.6,1.61,525
2022-01-28 14:25:00,1.57,1.61,1.5608,1.5608,1210
2022-01-28 14:24:00,1.6,1.6,1.6,1.6,220
2022-01-28 14:22:00,1.58,1.58,1.56,1.56,12501
2022-01-28 14:01:00,1.5568,1.5568,1.5568,1.5568,390
2022-01-28 12:49:00,1.63,1.63,1.61,1.61,210
2022-01-28 12:11:00,1.65,1.65,1.65,1.65,100
2022-01-28 12:08:00,1.5362,1.5362,1.5362,1.5362,1000
2022-01-28 11:50:00,1.52,1.5233,1.5199,1.52,2389
2022-01-28 11:43:00,1.505,1.505,1.505,1.505,1000
2022-01-28 11:41:00,1.49,1.49,1.49,1.49,100
2022-01-28 11:39:00,1.49,1.49,1.49,1.49,100
2022-01-28 11:01:00,1.5445,1.5445,1.5445,1.5445,900
2022-01-28 10:55:00,1.515,1.515,1.515,1.515,600
2022-01-28 10:37:00,1.472,1.472,1.47,1.47,200
2022-01-28 09:41:00,1.52,1.52,1.52,1.52,400
2022-01-28 09:31:00,1.56,1.56,1.56,1.56,103
2022-01-27 16:05:00,1.5,1.5,1.5,1.5,350
2022-01-27 16:00:00,1.56,1.57,1.56,1.57,1035
2022-01-27 15:59:00,1.53,1.56,1.53,1.56,721
2022-01-27 15:58:00,1.52,1.52,1.52,1.52,1685
2022-01-27 15:49:00,1.5122,1.5122,1.5122,1.5122,370
2022-01-27 15:48:00,1.5,1.52,1.5,1.5,1150
2022-01-27 15:46:00,1.52,1.52,1.52,1.52,712
2022-01-27 15:12:00,1.52,1.52,1.52,1.52,1000
2022-01-27 14:56:00,1.52,1.52,1.52,1.52,394
2022-01-27 14:54:00,1.51,1.51,1.51,1.51,300
2022-01-27 14:52:00,1.52,1.52,1.5117,1.5117,2100
2022-01-27 14:47:00,1.53,1.53,1.53,1.53,694
2022-01-27 14:45:00,1.5273,1.5273,1.515,1.515,250
2022-01-27 14:36:00,1.55,1.55,1.55,1.55,298
2022-01-27 14:35:00,1.56,1.56,1.56,1.56,200
2022-01-27 14:31:00,1.58,1.58,1.58,1.58,200
2022-01-27 13:57:00,1.5799,1.5799,1.5799,1.5799,3050
2022-01-27 13:35:00,1.59,1.59,1.57,1.57,1200
2022-01-27 13:28:00,1.575,1.575,1.575,1.575,110
2022-01-27 12:18:00,1.57,1.57,1.57,1.57,1000
2022-01-27 11:57:00,1.57,1.57,1.57,1.57,2002
2022-01-27 11:32:00,1.66,1.67,1.66,1.67,400
2022-01-27 10:54:00,1.64,1.64,1.64,1.64,1214
2022-01-27 10:37:00,1.5401,1.5401,1.5401,1.5401,3500
2022-01-27 10:14:00,1.57,1.57,1.5612,1.5612,500
2022-01-27 09:49:00,1.5714,1.5714,1.5714,1.5714,236
2022-01-27 09:43:00,1.59,1.59,1.59,1.59,160
2022-01-27 09:31:00,1.7,1.7,1.7,1.7,465
2022-01-26 16:00:00,1.64,1.65,1.64,1.65,2239
2022-01-26 15:59:00,1.645,1.65,1.64,1.64,784
2022-01-26 15:57:00,1.65,1.66,1.65,1.66,200
2022-01-26 15:46:00,1.65,1.65,1.65,1.65,100
2022-01-26 15:35:00,1.662,1.662,1.662,1.662,180
2022-01-26 15:29:00,1.67,1.67,1.655,1.655,755
2022-01-26 15:14:00,1.68,1.68,1.6558,1.6558,530
2022-01-26 15:09:00,1.6849,1.6849,1.6849,1.6849,305
2022-01-26 15:05:00,1.64,1.64,1.64,1.64,14935
2022-01-26 15:04:00,1.6485,1.6485,1.6485,1.6485,212
2022-01-26 15:03:00,1.6452,1.6452,1.6452,1.6452,1000
2022-01-26 14:54:00,1.7,1.7,1.7,1.7,241
2022-01-26 14:45:00,1.6999,1.6999,1.6999,1.6999,100
2022-01-26 14:26:00,1.7,1.7,1.7,1.7,100
2022-01-26 14:10:00,1.66,1.66,1.66,1.66,150
2022-01-26 13:21:00,1.646,1.646,1.646,1.646,400
2022-01-26 13:17:00,1.6599,1.6599,1.6599,1.6599,300
2022-01-26 12:46:00,1.6548,1.6548,1.6548,1.6548,104
2022-01-26 12:27:00,1.62,1.62,1.62,1.62,1015
2022-01-26 12:19:00,1.635,1.635,1.635,1.635,100
2022-01-26 11:57:00,1.63,1.63,1.63,1.63,100
2022-01-26 11:54:00,1.63,1.63,1.63,1.63,860
2022-01-26 11:18:00,1.65,1.65,1.65,1.65,100
2022-01-26 11:16:00,1.65,1.65,1.65,1.65,300
2022-01-26 11:14:00,1.65,1.65,1.65,1.65,100
2022-01-26 11:06:00,1.66,1.66,1.66,1.66,100
2022-01-26 11:05:00,1.67,1.67,1.67,1.67,100
2022-01-26 10:53:00,1.67,1.67,1.67,1.67,150
2022-01-26 10:52:00,1.655,1.655,1.655,1.655,200
2022-01-26 10:21:00,1.64,1.64,1.64,1.64,400
2022-01-26 10:16:00,1.63,1.63,1.63,1.63,100
2022-01-26 09:45:00,1.6231,1.6231,1.6231,1.6231,200
2022-01-26 09:40:00,1.6238,1.6238,1.6238,1.6238,300
2022-01-26 09:33:00,1.51,1.51,1.51,1.51,150
2022-01-26 09:31:00,1.63,1.63,1.63,1.63,125
2022-01-25 16:00:00,1.62,1.63,1.6,1.61,1659
2022-01-25 15:57:00,1.63,1.63,1.63,1.63,113
2022-01-25 15:52:00,1.61,1.61,1.61,1.61,101
2022-01-25 15:46:00,1.64,1.64,1.64,1.64,200
2022-01-25 15:43:00,1.64,1.64,1.64,1.64,717
2022-01-25 15:39:00,1.66,1.66,1.66,1.66,760
2022-01-25 15:32:00,1.63,1.63,1.63,1.63,100
2022-01-25 15:31:00,1.6319,1.6319,1.6319,1.6319,253
2022-01-25 15:22:00,1.6301,1.6301,1.6301,1.6301,221
2022-01-25 15:20:00,1.63,1.63,1.63,1.63,100
2022-01-25 15:15:00,1.64,1.64,1.64,1.64,100
2022-01-25 15:07:00,1.6301,1.6301,1.6301,1.6301,1000
2022-01-25 15:06:00,1.645,1.65,1.645,1.65,306
2022-01-25 15:03:00,1.65,1.66,1.65,1.66,340
2022-01-25 14:49:00,1.64,1.64,1.64,1.64,440
2022-01-25 14:44:00,1.61,1.61,1.61,1.61,100
2022-01-25 14:39:00,1.61,1.61,1.61,1.61,106
2022-01-25 14:08:00,1.5771,1.5771,1.5771,1.5771,100
2022-01-25 13:15:00,1.54,1.54,1.54,1.54,100
2022-01-25 13:11:00,1.55,1.55,1.55,1.55,100
2022-01-25 13:05:00,1.57,1.57,1.57,1.57,100
2022-01-25 12:52:00,1.6047,1.6047,1.6047,1.6047,175
2022-01-25 12:45:00,1.6,1.6,1.6,1.6,1000
2022-01-25 12:44:00,1.58,1.58,1.58,1.58,140
2022-01-25 12:40:00,1.6,1.6,1.6,1.6,188
2022-01-25 12:38:00,1.6,1.6,1.6,1.6,300
2022-01-25 12:37:00,1.6,1.6,1.6,1.6,100
2022-01-25 12:36:00,1.59,1.59,1.59,1.59,794
2022-01-25 12:21:00,1.5678,1.5678,1.55,1.55,278
2022-01-25 12:19:00,1.5899,1.5899,1.5899,1.5899,548
2022-01-25 12:17:00,1.59,1.59,1.59,1.59,192
2022-01-25 12:14:00,1.54,1.54,1.54,1.54,100
2022-01-25 12:08:00,1.54,1.54,1.54,1.54,100
2022-01-25 12:03:00,1.54,1.54,1.54,1.54,100
2022-01-25 11:59:00,1.59,1.59,1.59,1.59,100
2022-01-25 11:58:00,1.5915,1.5915,1.5915,1.5915,271
2022-01-25 11:54:00,1.6,1.6,1.6,1.6,244
2022-01-25 11:50:00,1.54,1.54,1.54,1.54,100
2022-01-25 11:49:00,1.58,1.58,1.57,1.57,1357
2022-01-25 11:48:00,1.53,1.53,1.53,1.53,554
2022-01-25 11:46:00,1.53,1.53,1.53,1.53,100
2022-01-25 11:35:00,1.54,1.54,1.54,1.54,200
2022-01-25 11:31:00,1.54,1.54,1.54,1.54,100
2022-01-25 11:30:00,1.5402,1.5402,1.5402,1.5402,1000
2022-01-25 11:29:00,1.56,1.58,1.54,1.54,2848
2022-01-25 11:20:00,1.535,1.535,1.53,1.53,201
2022-01-25 11:17:00,1.52,1.52,1.52,1.52,100
2022-01-25 11:07:00,1.5,1.5,1.5,1.5,112
2022-01-25 10:50:00,1.51,1.51,1.51,1.51,527
2022-01-25 10:39:00,1.49,1.49,1.49,1.49,337
2022-01-25 10:37:00,1.48,1.48,1.48,1.48,201
2022-01-25 10:30:00,1.47,1.47,1.47,1.47,100
2022-01-25 10:20:00,1.475,1.475,1.475,1.475,113
2022-01-25 09:57:00,1.46,1.4601,1.45,1.45,3500
2022-01-25 09:56:00,1.475,1.475,1.475,1.475,200
2022-01-25 09:52:00,1.49,1.49,1.49,1.49,251
2022-01-25 09:49:00,1.4601,1.4601,1.4601,1.4601,506
2022-01-25 09:42:00,1.46,1.46,1.46,1.46,150
2022-01-25 09:33:00,1.46,1.46,1.46,1.46,300
2022-01-25 09:31:00,1.45,1.45,1.45,1.45,1102
2022-01-24 16:00:00,1.52,1.52,1.51,1.51,1756
2022-01-24 15:52:00,1.495,1.51,1.495,1.51,3017
2022-01-24 15:48:00,1.495,1.495,1.495,1.495,110
2022-01-24 15:42:00,1.485,1.485,1.485,1.485,100
2022-01-24 15:36:00,1.485,1.485,1.485,1.485,100
2022-01-24 15:29:00,1.47,1.47,1.47,1.47,201
2022-01-24 15:28:00,1.475,1.475,1.475,1.475,200
2022-01-24 15:26:00,1.45,1.4502,1.45,1.4502,6000
2022-01-24 15:25:00,1.475,1.475,1.475,1.475,100
2022-01-24 15:19:00,1.44,1.44,1.44,1.44,591
2022-01-24 15:16:00,1.46,1.46,1.46,1.46,105
2022-01-24 15:12:00,1.44,1.44,1.44,1.44,100
2022-01-24 15:06:00,1.455,1.455,1.455,1.455,100
2022-01-24 15:00:00,1.44,1.44,1.44,1.44,1200
2022-01-24 14:56:00,1.44,1.44,1.44,1.44,100
2022-01-24 14:45:00,1.44,1.44,1.44,1.44,100
2022-01-24 14:34:00,1.44,1.44,1.44,1.44,100
2022-01-24 14:22:00,1.44,1.44,1.44,1.44,100
2022-01-24 14:12:00,1.44,1.4933,1.44,1.4933,1324
2022-01-24 14:11:00,1.44,1.44,1.44,1.44,100
2022-01-24 14:09:00,1.44,1.44,1.44,1.44,592
2022-01-24 13:59:00,1.42,1.42,1.42,1.42,140
2022-01-24 13:47:00,1.42,1.42,1.42,1.42,100
2022-01-24 13:34:00,1.47,1.47,1.47,1.47,100
2022-01-24 13:22:00,1.47,1.47,1.47,1.47,100
2022-01-24 13:10:00,1.47,1.47,1.47,1.47,100
2022-01-24 12:58:00,1.48,1.48,1.48,1.48,100
2022-01-24 12:57:00,1.425,1.425,1.425,1.425,100
2022-01-24 12:50:00,1.4672,1.4672,1.4672,1.4672,111
2022-01-24 12:46:00,1.44,1.44,1.44,1.44,100
2022-01-24 12:34:00,1.44,1.44,1.44,1.44,100
2022-01-24 12:23:00,1.47,1.47,1.47,1.47,100
2022-01-24 12:19:00,1.375,1.38,1.375,1.38,400
2022-01-24 12:14:00,1.3683,1.3799,1.3683,1.3799,1150
2022-01-24 12:13:00,1.38,1.38,1.365,1.38,3600
2022-01-24 12:11:00,1.36,1.3601,1.36,1.3601,1155
2022-01-24 12:09:00,1.37,1.37,1.37,1.37,500
2022-01-24 12:06:00,1.37,1.37,1.37,1.37,750
2022-01-24 12:04:00,1.4101,1.4101,1.36,1.36,4089
2022-01-24 12:02:00,1.44,1.44,1.44,1.44,100
2022-01-24 12:01:00,1.42,1.44,1.41,1.44,5140
2022-01-24 12:00:00,1.475,1.48,1.466,1.48,400
2022-01-24 11:52:00,1.44,1.44,1.44,1.44,100
2022-01-24 11:49:00,1.445,1.445,1.445,1.445,302
2022-01-24 11:39:00,1.46,1.5,1.44,1.5,3257
2022-01-24 11:33:00,1.5,1.5,1.5,1.5,100
2022-01-24 11:24:00,1.5,1.5,1.5,1.5,100
2022-01-24 11:16:00,1.5,1.5,1.5,1.5,100
2022-01-24 11:08:00,1.46,1.46,1.46,1.46,1618
2022-01-24 11:07:00,1.5,1.5,1.5,1.5,100
2022-01-24 11:00:00,1.5,1.5,1.5,1.5,115
2022-01-24 10:52:00,1.46,1.467,1.46,1.4604,1500
2022-01-24 10:48:00,1.5,1.5,1.5,1.5,100
2022-01-24 10:41:00,1.485,1.485,1.485,1.485,190
2022-01-24 10:40:00,1.47,1.47,1.47,1.47,1012
2022-01-24 10:37:00,1.485,1.485,1.485,1.485,100
2022-01-24 10:36:00,1.4723,1.4723,1.4723,1.4723,1000
2022-01-24 10:30:00,1.48,1.48,1.48,1.48,100
2022-01-24 10:28:00,1.466,1.466,1.466,1.466,100
2022-01-24 10:23:00,1.4844,1.4844,1.48,1.48,442
2022-01-24 10:22:00,1.4622,1.4622,1.46,1.46,948
2022-01-24 10:18:00,1.4752,1.4752,1.4752,1.4752,1012
2022-01-24 10:17:00,1.475,1.475,1.47,1.47,201
2022-01-24 10:12:00,1.48,1.48,1.48,1.48,105
2022-01-24 10:11:00,1.5,1.5,1.5,1.5,100
2022-01-24 10:04:00,1.52,1.53,1.5,1.5,3398
2022-01-24 10:02:00,1.58,1.58,1.58,1.58,100
2022-01-24 09:56:00,1.58,1.58,1.58,1.58,101
2022-01-24 09:51:00,1.58,1.58,1.58,1.58,100
2022-01-24 09:50:00,1.51,1.5158,1.51,1.5158,1100
2022-01-24 09:46:00,1.58,1.58,1.58,1.58,100
2022-01-24 09:44:00,1.5707,1.5707,1.51,1.51,388
2022-01-24 09:42:00,1.58,1.58,1.58,1.58,100
2022-01-24 09:38:00,1.58,1.58,1.58,1.58,100
2022-01-24 09:33:00,1.54,1.54,1.51,1.5244,610
2022-01-24 09:31:00,1.57,1.59,1.57,1.59,2966
2022-01-21 15:54:00,1.63,1.63,1.63,1.63,254
2022-01-21 15:52:00,1.65,1.65,1.65,1.65,100
2022-01-21 15:50:00,1.64,1.64,1.64,1.64,130
2022-01-21 15:47:00,1.64,1.64,1.64,1.64,421
2022-01-21 15:32:00,1.64,1.65,1.64,1.65,670
2022-01-21 15:31:00,1.632,1.632,1.632,1.632,236
2022-01-21 15:28:00,1.611,1.611,1.611,1.611,400
2022-01-21 15:21:00,1.6304,1.6304,1.6304,1.6304,295
2022-01-21 15:19:00,1.66,1.66,1.66,1.66,400
2022-01-21 15:04:00,1.64,1.64,1.64,1.64,364
2022-01-21 15:02:00,1.66,1.66,1.66,1.66,100
2022-01-21 14:55:00,1.66,1.66,1.66,1.66,200
2022-01-21 14:30:00,1.64,1.64,1.64,1.64,500
2022-01-21 14:19:00,1.6368,1.6368,1.6368,1.6368,600
2022-01-21 14:10:00,1.65,1.65,1.65,1.65,944
2022-01-21 13:49:00,1.6766,1.6766,1.6766,1.6766,100
2022-01-21 13:26:00,1.6501,1.6501,1.6501,1.6501,100
2022-01-21 13:11:00,1.64,1.65,1.64,1.65,1965
2022-01-21 12:50:00,1.67,1.67,1.67,1.67,1196
2022-01-21 12:25:00,1.68,1.68,1.68,1.68,430
2022-01-21 11:57:00,1.68,1.68,1.68,1.68,475
2022-01-21 11:41:00,1.68,1.68,1.68,1.68,200
2022-01-21 11:34:00,1.7076,1.7076,1.7076,1.7076,1000
2022-01-21 11:24:00,1.69,1.69,1.68,1.6824,1645
2022-01-21 11:12:00,1.7,1.7,1.7,1.7,265
2022-01-21 10:49:00,1.7,1.7,1.7,1.7,205
2022-01-21 10:44:00,1.7,1.7,1.7,1.7,100
2022-01-21 10:36:00,1.68,1.7328,1.68,1.7328,400
2022-01-21 10:23:00,1.68,1.68,1.68,1.68,409
2022-01-21 10:10:00,1.68,1.68,1.68,1.68,211
2022-01-21 09:56:00,1.63,1.63,1.63,1.63,1000
2022-01-21 09:31:00,1.67,1.675,1.67,1.675,942
2022-01-21 08:03:00,1.69,1.69,1.68,1.68,344
2022-01-20 16:00:00,1.71,1.71,1.69,1.7,1902
2022-01-20 15:59:00,1.73,1.73,1.73,1.73,617
2022-01-20 15:58:00,1.72,1.73,1.72,1.73,866
2022-01-20 15:57:00,1.71,1.7145,1.71,1.7145,1217
2022-01-20 15:52:00,1.7152,1.7152,1.71,1.71,1563
2022-01-20 15:44:00,1.725,1.725,1.725,1.725,244
2022-01-20 15:43:00,1.725,1.725,1.725,1.725,104
2022-01-20 15:28:00,1.75,1.7501,1.6501,1.72,6859
2022-01-20 15:23:00,1.77,1.77,1.77,1.77,100
2022-01-20 15:15:00,1.75,1.75,1.75,1.75,100
2022-01-20 15:08:00,1.75,1.75,1.75,1.75,129
2022-01-20 15:02:00,1.79,1.79,1.79,1.79,568
2022-01-20 14:51:00,1.79,1.79,1.79,1.79,276
2022-01-20 14:38:00,1.79,1.79,1.79,1.79,102
2022-01-20 14:29:00,1.81,1.81,1.81,1.81,501
2022-01-20 13:43:00,1.81,1.81,1.81,1.81,243
2022-01-20 13:24:00,1.8072,1.8072,1.8072,1.8072,101
2022-01-20 13:12:00,1.8195,1.8195,1.8195,1.8195,100
2022-01-20 13:10:00,1.72,1.72,1.72,1.72,318
2022-01-20 13:02:00,1.8,1.8,1.8,1.8,500
2022-01-20 12:37:00,1.81,1.81,1.81,1.81,900
2022-01-20 12:31:00,1.8034,1.8034,1.8034,1.8034,1044
2022-01-20 12:16:00,1.77,1.77,1.77,1.77,521
2022-01-20 12:06:00,1.78,1.78,1.78,1.78,100
2022-01-20 11:45:00,1.7478,1.7478,1.7478,1.7478,287
2022-01-20 11:41:00,1.75,1.75,1.75,1.75,100
2022-01-20 11:28:00,1.8288,1.8288,1.8288,1.8288,100
2022-01-20 11:26:00,1.76,1.775,1.7,1.7,14004
2022-01-20 11:14:00,1.79,1.79,1.79,1.79,1000
2022-01-20 11:05:00,1.825,1.83,1.82,1.83,400
2022-01-20 11:03:00,1.83,1.83,1.83,1.83,200
2022-01-20 10:52:00,1.81,1.855,1.77,1.855,3120
2022-01-20 10:43:00,1.8615,1.88,1.81,1.8518,21503
2022-01-20 10:33:00,1.92,1.92,1.9,1.9194,3102
2022-01-20 10:30:00,1.86,1.86,1.86,1.86,479
2022-01-20 10:23:00,1.861,1.861,1.86,1.861,1000
2022-01-20 10:16:00,1.86,1.86,1.86,1.86,117
2022-01-20 10:13:00,1.85,1.85,1.85,1.85,140
2022-01-20 10:10:00,1.9,1.9,1.9,1.9,1500
2022-01-20 10:06:00,1.9299,1.9299,1.9299,1.9299,1000
2022-01-20 09:59:00,1.95,1.95,1.95,1.95,500
2022-01-20 09:53:00,1.9862,1.9862,1.9862,1.9862,593
2022-01-20 09:46:00,1.95,1.95,1.95,1.95,200
2022-01-20 09:45:00,1.79,1.79,1.79,1.79,208
2022-01-20 09:37:00,1.9799,1.9799,1.9799,1.9799,100
2022-01-20 09:32:00,1.885,1.93,1.885,1.93,2000
2022-01-20 09:31:00,1.79,1.885,1.79,1.885,853
2022-01-20 08:31:00,1.87,1.9,1.87,1.9,572
